<!DOCTYPE HTML>
<html>
  <head>
    <meta charset="UTF-8">
    <title>Tomtom Results</title>
    <script>
      // @JSON_VAR data
      var data = {
        "program": "Tomtom",
        "version": "5.5.2",
        "release": "Sun Jan 29 10:33:12 2023 -0800",
        "cmd": [
          "tomtom", "-dist", "pearson", "-thresh", "0.05", "-oc",
          "results/tomtom", "results/filters_meme.txt",
          "Motif_database/YEASTRACT_20130918.meme"
        ],
        "options": {
          "strands": "both",
          "distance_measure": "pearson",
          "threshold_type": "qvalue",
          "threshold_value": 0.05,
          "background_source": "--query--"
        },
        "alphabet": {
          "name": "DNA",
          "like": "dna",
          "ncore": 4,
          "symbols": [
            {
              "symbol": "A",
              "name": "Adenine",
              "colour": "CC0000",
              "complement": "T"
            }, {
              "symbol": "C",
              "name": "Cytosine",
              "colour": "0000CC",
              "complement": "G"
            }, {
              "symbol": "G",
              "name": "Guanine",
              "colour": "FFB300",
              "complement": "C"
            }, {
              "symbol": "T",
              "aliases": "U",
              "name": "Thymine",
              "colour": "008000",
              "complement": "A"
            }, {
              "symbol": "N",
              "aliases": "X.",
              "name": "Any base",
              "equals": "ACGT"
            }, {
              "symbol": "V",
              "name": "Not T",
              "equals": "ACG"
            }, {
              "symbol": "H",
              "name": "Not G",
              "equals": "ACT"
            }, {
              "symbol": "D",
              "name": "Not C",
              "equals": "AGT"
            }, {
              "symbol": "B",
              "name": "Not A",
              "equals": "CGT"
            }, {
              "symbol": "M",
              "name": "Amino",
              "equals": "AC"
            }, {
              "symbol": "R",
              "name": "Purine",
              "equals": "AG"
            }, {
              "symbol": "W",
              "name": "Weak",
              "equals": "AT"
            }, {
              "symbol": "S",
              "name": "Strong",
              "equals": "CG"
            }, {
              "symbol": "Y",
              "name": "Pyrimidine",
              "equals": "CT"
            }, {
              "symbol": "K",
              "name": "Keto",
              "equals": "GT"
            }
          ]
        },
        "background": [0.366036, 0.133964, 0.133964, 0.366036],
        "query_dbs": [
          {
            "source": "results/filters_meme.txt",
            "name": "filters_meme.txt",
            "loaded": 60,
            "excluded": 0,
            "last_modified": "Thu May  4 12:31:25 2023"
          }
        ],
        "target_dbs": [
          {
            "source": "Motif_database/YEASTRACT_20130918.meme",
            "name": "YEASTRACT_20130918",
            "loaded": 732,
            "excluded": 0,
            "last_modified": "Wed May  3 22:58:18 2023"
          }
        ],
        "queries": [
          {
            "db": 0,
            "id": "filter0",
            "len": 24,
            "nsites": 148,
            "evalue": "1.0e+000",
            "pwm": [
              [0.276361, 0.171075, 0.0789372, 0.473627], 
              [0.309269, 0.210469, 0.0789451, 0.401316], 
              [0.355272, 0.0658395, 0.197337, 0.381551], 
              [0.315834, 0.118411, 0.131602, 0.434154], 
              [0.361839, 0.0789451, 0.177588, 0.381628], 
              [0.315834, 0.0592505, 0.210448, 0.414467], 
              [0.322397, 0.151273, 0.138183, 0.388146], 
              [0.315802, 0.197337, 0.0987139, 0.388146], 
              [0.401276, 0.0987238, 0.184166, 0.315834], 
              [0.302643, 0.105319, 0.203853, 0.388185], 
              [0.282928, 0.131588, 0.171058, 0.414426], 
              [0.388146, 0.171058, 0.118399, 0.322397], 
              [0.315802, 0.217022, 0.0461547, 0.421021], 
              [0.315834, 0.151288, 0.111815, 0.421063], 
              [0.328958, 0.203873, 0.10533, 0.361839], 
              [0.355307, 0.138197, 0.144693, 0.361803], 
              [0.328958, 0.144707, 0.164496, 0.361839], 
              [0.381551, 0.131588, 0.131588, 0.355272], 
              [0.388185, 0.0855327, 0.144693, 0.381589], 
              [0.335521, 0.138197, 0.144693, 0.381589], 
              [0.39472, 0.111826, 0.111826, 0.381628], 
              [0.381589, 0.0592505, 0.0921283, 0.467032], 
              [0.39472, 0.0855413, 0.111826, 0.407912], 
              [0.368398, 0.0724416, 0.0789372, 0.480223]
            ]
          }, {
            "db": 0,
            "id": "filter1",
            "len": 24,
            "nsites": 97,
            "evalue": "1.0e+000",
            "pwm": [
              [0.514747, 0.316612, 0.0594768, 0.109165], 
              [0.346555, 0.27708, 0.0891551, 0.28721], 
              [0.326773, 0.316643, 0.0990459, 0.257538], 
              [0.386118, 0.0891551, 0.267189, 0.257538], 
              [0.465244, 0.0891551, 0.128718, 0.316882], 
              [0.504857, 0.0594768, 0.108926, 0.326741], 
              [0.494917, 0.0891551, 0.138609, 0.277319], 
              [0.346555, 0.0594827, 0.336425, 0.257538], 
              [0.366336, 0.0594827, 0.267189, 0.306992], 
              [0.504857, 0.049587, 0.128705, 0.316851], 
              [0.445463, 0.0495919, 0.227626, 0.277319], 
              [0.336664, 0.178172, 0.0594827, 0.425681], 
              [0.455353, 0.108937, 0.0990459, 0.336664], 
              [0.405899, 0.0594827, 0.138609, 0.396009], 
              [0.376227, 0.0792643, 0.0990459, 0.445463], 
              [0.504857, 0.099036, 0.0792564, 0.316851], 
              [0.356446, 0.0495919, 0.178172, 0.41579], 
              [0.356446, 0.128718, 0.138609, 0.376227], 
              [0.475135, 0.1485, 0.0693735, 0.306992], 
              [0.504857, 0.108926, 0.128705, 0.257512], 
              [0.346555, 0.0990459, 0.138609, 0.41579], 
              [0.465244, 0.0891551, 0.0594827, 0.386118], 
              [0.336664, 0.0891551, 0.0990459, 0.475135], 
              [0.376227, 0.0891551, 0.128718, 0.405899]
            ]
          }, {
            "db": 0,
            "id": "filter10",
            "len": 24,
            "nsites": 91,
            "evalue": "1.0e+000",
            "pwm": [
              [0.526124, 0.11582, 0.294524, 0.0635324], 
              [0.273801, 0.241981, 0.241981, 0.242236], 
              [0.273801, 0.168362, 0.25247, 0.305367], 
              [0.305367, 0.199928, 0.241981, 0.252725], 
              [0.273801, 0.284035, 0.231493, 0.210671], 
              [0.252725, 0.189439, 0.273547, 0.28429], 
              [0.263287, 0.105321, 0.23147, 0.399923], 
              [0.336832, 0.147385, 0.189439, 0.326344], 
              [0.273801, 0.168362, 0.241981, 0.315855], 
              [0.28429, 0.147385, 0.168362, 0.399963], 
              [0.389474, 0.157874, 0.168362, 0.28429], 
              [0.263313, 0.126308, 0.178851, 0.431528], 
              [0.252725, 0.199928, 0.189439, 0.357909], 
              [0.368434, 0.210437, 0.126321, 0.294808], 
              [0.294778, 0.189439, 0.241981, 0.273801], 
              [0.389474, 0.136797, 0.199928, 0.273801], 
              [0.357909, 0.136797, 0.231493, 0.273801], 
              [0.305336, 0.220982, 0.105321, 0.368361], 
              [0.357873, 0.220982, 0.105321, 0.315824], 
              [0.399963, 0.210416, 0.11582, 0.273801], 
              [0.326344, 0.157874, 0.199928, 0.315855], 
              [0.378924, 0.168379, 0.126321, 0.326376], 
              [0.368397, 0.126308, 0.147385, 0.357909], 
              [0.315855, 0.136797, 0.199928, 0.34742]
            ]
          }, {
            "db": 0,
            "id": "filter11",
            "len": 24,
            "nsites": 65,
            "evalue": "1.0e+000",
            "pwm": [
              [0.521461, 0.130405, 0.28966, 0.0584732], 
              [0.246559, 0.275155, 0.231726, 0.246559], 
              [0.290017, 0.173839, 0.332994, 0.203151], 
              [0.289988, 0.231726, 0.246203, 0.232083], 
              [0.217628, 0.202794, 0.304038, 0.275539], 
              [0.289988, 0.246203, 0.202774, 0.261035], 
              [0.174195, 0.260705, 0.304038, 0.261061], 
              [0.14524, 0.275183, 0.23175, 0.347828], 
              [0.289988, 0.275155, 0.144869, 0.289988], 
              [0.217628, 0.159361, 0.332994, 0.290017], 
              [0.289988, 0.159345, 0.275155, 0.275512], 
              [0.318873, 0.188316, 0.260705, 0.232106], 
              [0.391261, 0.202794, 0.144883, 0.261061], 
              [0.318904, 0.318548, 0.202814, 0.159733], 
              [0.261035, 0.275155, 0.188298, 0.275512], 
              [0.246559, 0.289632, 0.188298, 0.275512], 
              [0.289988, 0.246203, 0.173821, 0.289988], 
              [0.20313, 0.246203, 0.289632, 0.261035], 
              [0.33335, 0.202794, 0.23175, 0.232106], 
              [0.347828, 0.173839, 0.217272, 0.261061], 
              [0.405779, 0.130418, 0.159377, 0.304425], 
              [0.362306, 0.188316, 0.202794, 0.246584], 
              [0.376821, 0.115939, 0.304069, 0.203171], 
              [0.376783, 0.144883, 0.202794, 0.275539]
            ]
          }, {
            "db": 0,
            "id": "filter12",
            "len": 24,
            "nsites": 139,
            "evalue": "1.0e+000",
            "pwm": [
              [0.370597, 0.209745, 0.181766, 0.237892], 
              [0.293752, 0.279595, 0.188761, 0.237892], 
              [0.321732, 0.181766, 0.132901, 0.363602], 
              [0.314737, 0.209745, 0.209745, 0.265772], 
              [0.223902, 0.251615, 0.223735, 0.300747], 
              [0.237868, 0.272573, 0.146876, 0.342683], 
              [0.265799, 0.188779, 0.265632, 0.27979], 
              [0.286786, 0.251641, 0.167792, 0.293781], 
              [0.300747, 0.209745, 0.188761, 0.300747], 
              [0.237892, 0.265605, 0.167776, 0.328727], 
              [0.307742, 0.21674, 0.21674, 0.258777], 
              [0.321732, 0.181766, 0.195756, 0.300747], 
              [0.265799, 0.153801, 0.293615, 0.286786], 
              [0.314737, 0.167776, 0.223735, 0.293752], 
              [0.3217, 0.209725, 0.223713, 0.244863], 
              [0.286757, 0.223735, 0.195756, 0.293752], 
              [0.251782, 0.237725, 0.223735, 0.286757], 
              [0.321732, 0.174771, 0.25861, 0.244887], 
              [0.286757, 0.167776, 0.209745, 0.335722], 
              [0.370597, 0.174771, 0.139896, 0.314737], 
              [0.293781, 0.272628, 0.167792, 0.265799], 
              [0.272767, 0.223735, 0.174771, 0.328727], 
              [0.27979, 0.251641, 0.202771, 0.265799], 
              [0.300747, 0.209745, 0.202751, 0.286757]
            ]
          }, {
            "db": 0,
            "id": "filter13",
            "len": 24,
            "nsites": 436,
            "evalue": "1.0e+000",
            "pwm": [
              [0.0705678, 0.249973, 0.424933, 0.254526], 
              [0.386395, 0.1318, 0.26357, 0.218234], 
              [0.345505, 0.154495, 0.259071, 0.240929], 
              [0.229531, 0.245474, 0.249973, 0.275021], 
              [0.231831, 0.331755, 0.195486, 0.240929], 
              [0.222755, 0.284094, 0.2386, 0.254551], 
              [0.227332, 0.238576, 0.238576, 0.295516], 
              [0.300045, 0.188606, 0.2386, 0.272749], 
              [0.402292, 0.115904, 0.259071, 0.222733], 
              [0.381796, 0.170492, 0.168192, 0.27952], 
              [0.379497, 0.193186, 0.1341, 0.293217], 
              [0.359102, 0.190887, 0.184089, 0.265923], 
              [0.288618, 0.22268, 0.22048, 0.268222], 
              [0.32271, 0.127302, 0.236377, 0.313612], 
              [0.361401, 0.125002, 0.206783, 0.306814], 
              [0.361401, 0.109106, 0.181789, 0.347704], 
              [0.404532, 0.100018, 0.138613, 0.356838], 
              [0.325009, 0.0932093, 0.238576, 0.343205], 
              [0.309113, 0.109106, 0.204484, 0.377297], 
              [0.363637, 0.113616, 0.193206, 0.329541], 
              [0.384096, 0.0955088, 0.165893, 0.354503], 
              [0.354538, 0.100018, 0.140912, 0.404532], 
              [0.386395, 0.102307, 0.1318, 0.379497], 
              [0.379497, 0.113605, 0.161394, 0.345505]
            ]
          }, {
            "db": 0,
            "id": "filter14",
            "len": 24,
            "nsites": 81,
            "evalue": "1.0e+000",
            "pwm": [
              [0.329478, 0.423185, 0.129419, 0.117918], 
              [0.21199, 0.317374, 0.235175, 0.235461], 
              [0.270718, 0.176448, 0.364415, 0.188419], 
              [0.423429, 0.164662, 0.141191, 0.270718], 
              [0.458686, 0.129406, 0.199919, 0.21199], 
              [0.411702, 0.164646, 0.211683, 0.211969], 
              [0.223676, 0.141191, 0.387887, 0.247247], 
              [0.200185, 0.211683, 0.376163, 0.211969], 
              [0.399918, 0.141177, 0.17643, 0.282475], 
              [0.258932, 0.152877, 0.376201, 0.21199], 
              [0.305974, 0.199919, 0.22339, 0.270718], 
              [0.341231, 0.129406, 0.211704, 0.31766], 
              [0.399958, 0.129406, 0.22339, 0.247247], 
              [0.376487, 0.129406, 0.176448, 0.31766], 
              [0.423429, 0.141191, 0.141191, 0.294189], 
              [0.270718, 0.129406, 0.152877, 0.447], 
              [0.305974, 0.129406, 0.235175, 0.329445], 
              [0.458686, 0.141191, 0.129406, 0.270718], 
              [0.470471, 0.0706781, 0.141191, 0.31766], 
              [0.294189, 0.141191, 0.152877, 0.411744], 
              [0.399918, 0.17643, 0.141177, 0.282475], 
              [0.376487, 0.164662, 0.11762, 0.341231], 
              [0.282503, 0.164662, 0.152877, 0.399958], 
              [0.329478, 0.152892, 0.188152, 0.329478]
            ]
          }, {
            "db": 0,
            "id": "filter15",
            "len": 24,
            "nsites": 103,
            "evalue": "1.0e+000",
            "pwm": [
              [0.579251, 0.112132, 0.112132, 0.196484], 
              [0.420547, 0.177558, 0.168167, 0.233728], 
              [0.364501, 0.158876, 0.205531, 0.271092], 
              [0.355111, 0.121512, 0.158876, 0.364501], 
              [0.308456, 0.186849, 0.10283, 0.401865], 
              [0.336462, 0.121524, 0.130816, 0.411197], 
              [0.34582, 0.121512, 0.168167, 0.364501], 
              [0.373792, 0.186849, 0.140194, 0.299165], 
              [0.364501, 0.10283, 0.168167, 0.364501], 
              [0.336462, 0.168184, 0.121524, 0.37383], 
              [0.457857, 0.0841568, 0.112132, 0.345854], 
              [0.345785, 0.0935299, 0.15886, 0.401825], 
              [0.327138, 0.130803, 0.140194, 0.401865], 
              [0.261801, 0.140194, 0.140194, 0.457811], 
              [0.317847, 0.112121, 0.205531, 0.364501], 
              [0.383145, 0.15886, 0.0935299, 0.364465], 
              [0.345785, 0.15886, 0.0935299, 0.401825], 
              [0.373792, 0.168167, 0.140194, 0.317847], 
              [0.327138, 0.168167, 0.140194, 0.364501], 
              [0.327138, 0.121512, 0.10283, 0.44852], 
              [0.308456, 0.186849, 0.140194, 0.364501], 
              [0.429881, 0.186867, 0.112132, 0.271119], 
              [0.364538, 0.1495, 0.130816, 0.355146], 
              [0.364501, 0.112121, 0.242894, 0.280483]
            ]
          }, {
            "db": 0,
            "id": "filter16",
            "len": 24,
            "nsites": 32,
            "evalue": "1.0e+000",
            "pwm": [
              [0.0841808, 0.277352, 0.277352, 0.361115], 
              [0.250337, 0.166581, 0.277324, 0.305758], 
              [0.305788, 0.221925, 0.221925, 0.250361], 
              [0.250361, 0.138885, 0.194212, 0.416542], 
              [0.278103, 0.194231, 0.194231, 0.333435], 
              [0.194935, 0.249639, 0.138885, 0.416542], 
              [0.278047, 0.305035, 0.249614, 0.167304], 
              [0.250361, 0.249639, 0.138885, 0.361115], 
              [0.167304, 0.360356, 0.166581, 0.305758], 
              [0.222648, 0.305065, 0.277352, 0.194935], 
              [0.361115, 0.249639, 0.166598, 0.222648], 
              [0.471869, 0.138885, 0.166598, 0.222648], 
              [0.416542, 0.166598, 0.194212, 0.222648], 
              [0.22267, 0.332712, 0.194231, 0.250386], 
              [0.250361, 0.221925, 0.166598, 0.361115], 
              [0.361151, 0.194231, 0.249663, 0.194954], 
              [0.278075, 0.221925, 0.166598, 0.333402], 
              [0.167321, 0.249639, 0.194212, 0.388829], 
              [0.361115, 0.221925, 0.138885, 0.278075], 
              [0.250361, 0.277352, 0.111171, 0.361115], 
              [0.333402, 0.277352, 0.221925, 0.167321], 
              [0.388829, 0.111171, 0.221925, 0.278075], 
              [0.444156, 0.221925, 0.166598, 0.167321], 
              [0.222648, 0.194212, 0.277352, 0.305788]
            ]
          }, {
            "db": 0,
            "id": "filter17",
            "len": 24,
            "nsites": 71,
            "evalue": "1.0e+000",
            "pwm": [
              [0.47984, 0.319738, 0.0667946, 0.133627], 
              [0.386632, 0.120008, 0.146667, 0.346693], 
              [0.413234, 0.0667946, 0.133301, 0.386671], 
              [0.399952, 0.0933572, 0.0800759, 0.426615], 
              [0.346693, 0.0667879, 0.186607, 0.399912], 
              [0.399952, 0.12002, 0.106738, 0.37329], 
              [0.386671, 0.12002, 0.0534135, 0.439896], 
              [0.426615, 0.0800759, 0.12002, 0.37329], 
              [0.360008, 0.173245, 0.0800759, 0.386671], 
              [0.453177, 0.0933572, 0.0667946, 0.386671], 
              [0.360008, 0.0667946, 0.199907, 0.37329], 
              [0.346693, 0.0800679, 0.146667, 0.426572], 
              [0.37329, 0.106738, 0.12002, 0.399952], 
              [0.386632, 0.0667879, 0.146667, 0.399912], 
              [0.359973, 0.106728, 0.146667, 0.386632], 
              [0.346727, 0.133301, 0.0800759, 0.439896], 
              [0.333346, 0.12002, 0.159963, 0.386671], 
              [0.333346, 0.146682, 0.173245, 0.346727], 
              [0.293402, 0.0800759, 0.146682, 0.47984], 
              [0.320065, 0.0401322, 0.213188, 0.426615], 
              [0.399952, 0.133301, 0.159963, 0.306783], 
              [0.426615, 0.106738, 0.0933572, 0.37329], 
              [0.360044, 0.0933665, 0.173262, 0.373327], 
              [0.426615, 0.0534135, 0.159963, 0.360008]
            ]
          }, {
            "db": 0,
            "id": "filter18",
            "len": 24,
            "nsites": 322,
            "evalue": "1.0e+000",
            "pwm": [
              [0.0736981, 0.0153384, 0.0368338, 0.87413], 
              [0.460071, 0.0798168, 0.092013, 0.368099], 
              [0.450919, 0.0920222, 0.119616, 0.337443], 
              [0.386494, 0.0951121, 0.113506, 0.404888], 
              [0.414085, 0.092013, 0.0982111, 0.395691], 
              [0.407946, 0.15028, 0.0982013, 0.343573], 
              [0.383395, 0.110407, 0.107408, 0.39879], 
              [0.383395, 0.104309, 0.0982111, 0.414085], 
              [0.395691, 0.0798168, 0.110407, 0.414085], 
              [0.383395, 0.0644216, 0.107408, 0.444776], 
              [0.435578, 0.0675206, 0.092013, 0.404888], 
              [0.417142, 0.113495, 0.0982013, 0.371161], 
              [0.395691, 0.122703, 0.119604, 0.362001], 
              [0.426381, 0.107408, 0.10121, 0.365], 
              [0.414085, 0.0982111, 0.119604, 0.368099], 
              [0.377297, 0.10121, 0.131901, 0.389593], 
              [0.44783, 0.107398, 0.0982013, 0.346571], 
              [0.362001, 0.107408, 0.119604, 0.410986], 
              [0.392631, 0.10432, 0.10122, 0.401829], 
              [0.368099, 0.125803, 0.137999, 0.368099], 
              [0.441677, 0.0951121, 0.116605, 0.346606], 
              [0.383433, 0.119616, 0.110418, 0.386532], 
              [0.380396, 0.113506, 0.147196, 0.358902], 
              [0.444731, 0.116594, 0.116594, 0.322081]
            ]
          }, {
            "db": 0,
            "id": "filter19",
            "len": 24,
            "nsites": 138,
            "evalue": "1.0e+000",
            "pwm": [
              [0.176238, 0.239324, 0.570084, 0.0143548], 
              [0.330992, 0.330824, 0.211223, 0.126961], 
              [0.267671, 0.225334, 0.436381, 0.0706141], 
              [0.0847123, 0.168992, 0.605319, 0.140977], 
              [0.345081, 0.147875, 0.359001, 0.148043], 
              [0.47877, 0.126793, 0.211223, 0.183214], 
              [0.162132, 0.344913, 0.295653, 0.197303], 
              [0.302846, 0.380122, 0.0915307, 0.225502], 
              [0.295821, 0.359001, 0.0986158, 0.246562], 
              [0.239492, 0.288588, 0.16198, 0.309941], 
              [0.26065, 0.0986158, 0.330824, 0.30991], 
              [0.387285, 0.105621, 0.246419, 0.260676], 
              [0.415464, 0.112715, 0.154885, 0.316936], 
              [0.450684, 0.0915399, 0.105631, 0.352145], 
              [0.394379, 0.11971, 0.211244, 0.274666], 
              [0.302846, 0.126805, 0.218239, 0.35211], 
              [0.436593, 0.0986355, 0.0915399, 0.373232], 
              [0.331025, 0.0775409, 0.274498, 0.316936], 
              [0.373195, 0.070446, 0.112715, 0.443644], 
              [0.436549, 0.0986256, 0.0563562, 0.408469], 
              [0.457634, 0.0423664, 0.11971, 0.38029], 
              [0.415423, 0.0423621, 0.147875, 0.39434], 
              [0.401374, 0.0775409, 0.0634511, 0.457634], 
              [0.394379, 0.070446, 0.1338, 0.401374]
            ]
          }, {
            "db": 0,
            "id": "filter2",
            "len": 24,
            "nsites": 274,
            "evalue": "1.0e+000",
            "pwm": [
              [0.42088, 0.176285, 0.197777, 0.205059], 
              [0.334545, 0.226589, 0.233787, 0.205079], 
              [0.334512, 0.16189, 0.237362, 0.266236], 
              [0.262638, 0.151094, 0.35242, 0.233848], 
              [0.277032, 0.143896, 0.312835, 0.266236], 
              [0.374097, 0.158291, 0.140298, 0.327314], 
              [0.273406, 0.158275, 0.262527, 0.305791], 
              [0.277005, 0.161874, 0.158275, 0.402846], 
              [0.348871, 0.16907, 0.179865, 0.302193], 
              [0.370498, 0.118706, 0.183482, 0.327314], 
              [0.309421, 0.140298, 0.237362, 0.312919], 
              [0.341709, 0.169087, 0.169087, 0.320117], 
              [0.374097, 0.125903, 0.179883, 0.320117], 
              [0.31655, 0.176302, 0.194197, 0.312951], 
              [0.381294, 0.172686, 0.122304, 0.323715], 
              [0.377658, 0.161874, 0.161874, 0.298595], 
              [0.302193, 0.176267, 0.172669, 0.348871], 
              [0.395689, 0.151094, 0.136699, 0.316518], 
              [0.359702, 0.118706, 0.172686, 0.348906], 
              [0.302223, 0.197777, 0.115107, 0.384893], 
              [0.370498, 0.151094, 0.143896, 0.334512], 
              [0.35254, 0.125916, 0.194197, 0.327347], 
              [0.30939, 0.172669, 0.158275, 0.359666], 
              [0.348906, 0.16189, 0.140298, 0.348906]
            ]
          }, {
            "db": 0,
            "id": "filter20",
            "len": 24,
            "nsites": 225,
            "evalue": "1.0e+000",
            "pwm": [
              [0.829494, 0.0480382, 0.0437401, 0.0787277], 
              [0.419176, 0.0655304, 0.117907, 0.397386], 
              [0.454106, 0.0786325, 0.126616, 0.340645], 
              [0.497741, 0.0393421, 0.104813, 0.358104], 
              [0.440967, 0.104813, 0.109211, 0.345009], 
              [0.440967, 0.0830226, 0.0917188, 0.384292], 
              [0.497741, 0.0917188, 0.0830226, 0.327517], 
              [0.462903, 0.074234, 0.0873295, 0.375533], 
              [0.406082, 0.0917188, 0.0699285, 0.432271], 
              [0.427873, 0.0961168, 0.104813, 0.371198], 
              [0.440967, 0.0830226, 0.0830226, 0.392988], 
              [0.397386, 0.0786246, 0.0655304, 0.458459], 
              [0.4716, 0.0917279, 0.0873295, 0.349342], 
              [0.38433, 0.0873295, 0.0873295, 0.441011], 
              [0.427915, 0.11352, 0.100425, 0.358139], 
              [0.41482, 0.131014, 0.0786325, 0.375533], 
              [0.427915, 0.0961264, 0.074234, 0.401724], 
              [0.401724, 0.104823, 0.100425, 0.393027], 
              [0.393027, 0.11352, 0.117919, 0.375533], 
              [0.406082, 0.135399, 0.0961168, 0.362402], 
              [0.489045, 0.0917188, 0.0742265, 0.345009], 
              [0.441011, 0.100425, 0.0611385, 0.397426], 
              [0.432314, 0.0917279, 0.100425, 0.375533], 
              [0.441011, 0.0917279, 0.065537, 0.401724]
            ]
          }, {
            "db": 0,
            "id": "filter21",
            "len": 24,
            "nsites": 91,
            "evalue": "1.0e+000",
            "pwm": [
              [0.179105, 0.673108, 0.0632777, 0.0845094], 
              [0.231748, 0.210416, 0.326089, 0.231748], 
              [0.252725, 0.147385, 0.399708, 0.200182], 
              [0.305336, 0.220982, 0.147371, 0.326311], 
              [0.294808, 0.210437, 0.199947, 0.294808], 
              [0.231748, 0.305112, 0.210416, 0.252725], 
              [0.210671, 0.326089, 0.105331, 0.357909], 
              [0.242236, 0.3156, 0.199928, 0.242236], 
              [0.189694, 0.147385, 0.378631, 0.28429], 
              [0.221237, 0.105321, 0.315569, 0.357873], 
              [0.400003, 0.0947526, 0.294553, 0.210692], 
              [0.410451, 0.157874, 0.284035, 0.14764], 
              [0.158128, 0.326089, 0.168362, 0.34742], 
              [0.273801, 0.326089, 0.147385, 0.252725], 
              [0.284318, 0.294553, 0.242005, 0.179123], 
              [0.231748, 0.157874, 0.368143, 0.242236], 
              [0.294808, 0.136811, 0.336611, 0.231771], 
              [0.410451, 0.126308, 0.157874, 0.305367], 
              [0.378924, 0.210437, 0.126321, 0.284318], 
              [0.273801, 0.273547, 0.11582, 0.336832], 
              [0.294808, 0.231516, 0.136811, 0.336866], 
              [0.326344, 0.147385, 0.210416, 0.315855], 
              [0.221237, 0.157858, 0.220982, 0.399923], 
              [0.368434, 0.178869, 0.168379, 0.284318]
            ]
          }, {
            "db": 0,
            "id": "filter22",
            "len": 24,
            "nsites": 67,
            "evalue": "1.0e+000",
            "pwm": [
              [0.113078, 0.351775, 0.211185, 0.323963], 
              [0.169294, 0.379933, 0.126811, 0.323963], 
              [0.183373, 0.408091, 0.154869, 0.253668], 
              [0.253668, 0.42207, 0.126811, 0.197452], 
              [0.197432, 0.197086, 0.379895, 0.225587], 
              [0.464653, 0.211185, 0.183027, 0.141136], 
              [0.450574, 0.183027, 0.14079, 0.22561], 
              [0.408437, 0.0845737, 0.239243, 0.267747], 
              [0.267773, 0.140804, 0.422112, 0.169311], 
              [0.21151, 0.11272, 0.393972, 0.281798], 
              [0.450529, 0.211164, 0.11272, 0.225587], 
              [0.253668, 0.126811, 0.365854, 0.253668], 
              [0.422458, 0.0986625, 0.140804, 0.338076], 
              [0.323995, 0.154884, 0.183045, 0.338076], 
              [0.3662, 0.112732, 0.154869, 0.3662], 
              [0.309984, 0.168948, 0.14079, 0.380279], 
              [0.408396, 0.0704877, 0.126798, 0.394318], 
              [0.22561, 0.154869, 0.183027, 0.436495], 
              [0.309984, 0.126811, 0.14079, 0.422416], 
              [0.408396, 0.126798, 0.126798, 0.338008], 
              [0.450574, 0.0845737, 0.126811, 0.338042], 
              [0.309984, 0.0704947, 0.168948, 0.450574], 
              [0.394318, 0.126798, 0.126798, 0.352086], 
              [0.380279, 0.0986527, 0.0986527, 0.422416]
            ]
          }, {
            "db": 0,
            "id": "filter23",
            "len": 24,
            "nsites": 162,
            "evalue": "1.0e+000",
            "pwm": [
              [0.289219, 0.180653, 0.24091, 0.289219], 
              [0.25307, 0.19876, 0.120508, 0.427662], 
              [0.439754, 0.102419, 0.126505, 0.331321], 
              [0.331321, 0.162682, 0.168679, 0.337318], 
              [0.253044, 0.144579, 0.162666, 0.439711], 
              [0.403577, 0.144593, 0.180671, 0.271159], 
              [0.289247, 0.15059, 0.277012, 0.283151], 
              [0.319329, 0.174675, 0.132501, 0.373495], 
              [0.373495, 0.108416, 0.192764, 0.325325], 
              [0.325325, 0.222845, 0.120508, 0.331321], 
              [0.271159, 0.186667, 0.102419, 0.439754], 
              [0.34941, 0.0904269, 0.228841, 0.331321], 
              [0.289247, 0.132501, 0.325182, 0.25307], 
              [0.403577, 0.114512, 0.132501, 0.34941], 
              [0.289219, 0.138583, 0.216827, 0.355371], 
              [0.295244, 0.144593, 0.15059, 0.409573], 
              [0.25307, 0.15059, 0.162682, 0.433658], 
              [0.313301, 0.126492, 0.216827, 0.34338], 
              [0.367462, 0.0904178, 0.228819, 0.313301], 
              [0.34941, 0.138597, 0.174675, 0.337318], 
              [0.415669, 0.126505, 0.186667, 0.271159], 
              [0.295244, 0.228841, 0.132501, 0.343414], 
              [0.277155, 0.144593, 0.15059, 0.427662], 
              [0.343414, 0.132501, 0.222845, 0.30124]
            ]
          }, {
            "db": 0,
            "id": "filter24",
            "len": 24,
            "nsites": 207,
            "evalue": "1.0e+000",
            "pwm": [
              [0.478598, 0.0711232, 0.0190536, 0.431225], 
              [0.364901, 0.0711304, 0.0711304, 0.492839], 
              [0.464452, 0.0900212, 0.0332487, 0.412278], 
              [0.369698, 0.0711304, 0.0474418, 0.51173], 
              [0.40758, 0.0427441, 0.0521395, 0.497536], 
              [0.450159, 0.0664326, 0.0900212, 0.393387], 
              [0.417034, 0.0569315, 0.118496, 0.407539], 
              [0.431225, 0.066426, 0.0569315, 0.445417], 
              [0.40758, 0.0806258, 0.109012, 0.402782], 
              [0.360167, 0.066426, 0.085315, 0.488092], 
              [0.488092, 0.085315, 0.066426, 0.360167], 
              [0.34601, 0.0948189, 0.0758281, 0.483343], 
              [0.369698, 0.123205, 0.0379464, 0.46915], 
              [0.360203, 0.0853235, 0.0806258, 0.473848], 
              [0.469103, 0.104304, 0.104304, 0.322289], 
              [0.327019, 0.0948189, 0.0616349, 0.516527], 
              [0.355505, 0.0995166, 0.0616349, 0.483343], 
              [0.440764, 0.0900212, 0.0521395, 0.417075], 
              [0.34601, 0.0995166, 0.0853235, 0.46915], 
              [0.407539, 0.085315, 0.066426, 0.44072], 
              [0.374396, 0.0711304, 0.0948189, 0.459655], 
              [0.417075, 0.0948189, 0.0758281, 0.412278], 
              [0.383853, 0.118496, 0.0569315, 0.44072], 
              [0.417075, 0.118507, 0.0758281, 0.388589]
            ]
          }, {
            "db": 0,
            "id": "filter25",
            "len": 24,
            "nsites": 121,
            "evalue": "1.0e+000",
            "pwm": [
              [0.16017, 0.231919, 0.167972, 0.439939], 
              [0.18415, 0.335833, 0.120012, 0.360005], 
              [0.216124, 0.231919, 0.271886, 0.280071], 
              [0.272078, 0.239912, 0.287873, 0.200137], 
              [0.264084, 0.183959, 0.239912, 0.312045], 
              [0.280071, 0.215932, 0.215932, 0.288064], 
              [0.224117, 0.247906, 0.207939, 0.320038], 
              [0.224117, 0.223926, 0.151985, 0.399972], 
              [0.256091, 0.279879, 0.191952, 0.272078], 
              [0.216124, 0.231919, 0.223926, 0.328031], 
              [0.216124, 0.191952, 0.231919, 0.360005], 
              [0.391979, 0.167972, 0.215932, 0.224117], 
              [0.367998, 0.128005, 0.128005, 0.375992], 
              [0.256091, 0.207939, 0.112018, 0.423952], 
              [0.208131, 0.207939, 0.191952, 0.391979], 
              [0.304051, 0.207939, 0.151985, 0.336025], 
              [0.296058, 0.199945, 0.207939, 0.296058], 
              [0.304051, 0.135998, 0.231919, 0.328031], 
              [0.423952, 0.143992, 0.128005, 0.304051], 
              [0.367998, 0.151985, 0.159979, 0.320038], 
              [0.360005, 0.207939, 0.159979, 0.272078], 
              [0.344018, 0.199945, 0.128005, 0.328031], 
              [0.391979, 0.175965, 0.0960313, 0.336025], 
              [0.304051, 0.159979, 0.167972, 0.367998]
            ]
          }, {
            "db": 0,
            "id": "filter26",
            "len": 24,
            "nsites": 208,
            "evalue": "1.0e+000",
            "pwm": [
              [0.50928, 0.0991068, 0.348962, 0.0426512], 
              [0.306629, 0.108512, 0.207465, 0.377395], 
              [0.38679, 0.117908, 0.0991168, 0.396186], 
              [0.490491, 0.0802178, 0.132088, 0.297203], 
              [0.311326, 0.11321, 0.193371, 0.382092], 
              [0.386751, 0.12739, 0.0519342, 0.433924], 
              [0.40564, 0.0991068, 0.14618, 0.349073], 
              [0.334915, 0.132101, 0.193371, 0.339613], 
              [0.334948, 0.146209, 0.11792, 0.400923], 
              [0.372634, 0.103825, 0.179196, 0.344345], 
              [0.292506, 0.183958, 0.113199, 0.410338], 
              [0.311326, 0.117908, 0.108512, 0.462254], 
              [0.424472, 0.103814, 0.174481, 0.297233], 
              [0.339647, 0.146209, 0.174498, 0.339647], 
              [0.349073, 0.108501, 0.103804, 0.438621], 
              [0.311326, 0.108512, 0.193371, 0.38679], 
              [0.330217, 0.193371, 0.103814, 0.372597], 
              [0.372597, 0.132101, 0.0896213, 0.405681], 
              [0.316056, 0.146209, 0.179196, 0.358539], 
              [0.34431, 0.136799, 0.15569, 0.363201], 
              [0.405681, 0.108512, 0.122605, 0.363201], 
              [0.292535, 0.150892, 0.231053, 0.325519], 
              [0.250081, 0.179196, 0.150907, 0.419816], 
              [0.353806, 0.122605, 0.0849236, 0.438665]
            ]
          }, {
            "db": 0,
            "id": "filter27",
            "len": 24,
            "nsites": 213,
            "evalue": "1.0e+000",
            "pwm": [
              [0.0830329, 0.0323477, 0.0507391, 0.83388], 
              [0.350207, 0.0968174, 0.0922196, 0.460756], 
              [0.368699, 0.0691304, 0.0922196, 0.469951], 
              [0.350242, 0.138212, 0.064539, 0.447007], 
              [0.299531, 0.0922196, 0.0645326, 0.543717], 
              [0.341012, 0.0968174, 0.101415, 0.460756], 
              [0.419375, 0.106013, 0.0783261, 0.396286], 
              [0.341012, 0.119807, 0.0876218, 0.45156], 
              [0.391688, 0.101415, 0.0922196, 0.414677], 
              [0.317991, 0.101405, 0.0922104, 0.488394], 
              [0.341012, 0.115209, 0.119807, 0.423973], 
              [0.364065, 0.087613, 0.119795, 0.428528], 
              [0.276542, 0.129002, 0.101415, 0.49304], 
              [0.442364, 0.110611, 0.0783261, 0.368699], 
              [0.373297, 0.110611, 0.0783261, 0.437766], 
              [0.350207, 0.142896, 0.0783261, 0.428571], 
              [0.336414, 0.138198, 0.101415, 0.423973], 
              [0.38709, 0.161287, 0.106013, 0.34561], 
              [0.377894, 0.0922196, 0.129002, 0.400884], 
              [0.32262, 0.156689, 0.129002, 0.391688], 
              [0.364065, 0.106003, 0.106003, 0.42393], 
              [0.350207, 0.147494, 0.0922196, 0.410079], 
              [0.354841, 0.133614, 0.129015, 0.382531], 
              [0.368699, 0.1336, 0.129002, 0.368699]
            ]
          }, {
            "db": 0,
            "id": "filter28",
            "len": 24,
            "nsites": 166,
            "evalue": "1.0e+000",
            "pwm": [
              [0.0354991, 0.235239, 0.0706381, 0.658624], 
              [0.35884, 0.152904, 0.117622, 0.370634], 
              [0.252968, 0.094124, 0.170578, 0.48233], 
              [0.288247, 0.11761, 0.182371, 0.411772], 
              [0.329455, 0.164698, 0.152904, 0.352943], 
              [0.317629, 0.105917, 0.147092, 0.429362], 
              [0.347077, 0.12939, 0.111802, 0.411731], 
              [0.394083, 0.082431, 0.129403, 0.394083], 
              [0.352908, 0.158785, 0.111813, 0.376494], 
              [0.341215, 0.176474, 0.094124, 0.388187], 
              [0.323526, 0.105917, 0.135299, 0.435258], 
              [0.294143, 0.141196, 0.170578, 0.394083], 
              [0.376456, 0.141182, 0.105906, 0.376456], 
              [0.376531, 0.117622, 0.117622, 0.388225], 
              [0.364737, 0.158801, 0.117622, 0.35884], 
              [0.335319, 0.164681, 0.123506, 0.376494], 
              [0.364701, 0.158785, 0.129403, 0.347111], 
              [0.376531, 0.117622, 0.188186, 0.317661], 
              [0.394083, 0.105917, 0.11761, 0.38239], 
              [0.370597, 0.141196, 0.170578, 0.317629], 
              [0.311833, 0.135299, 0.164681, 0.388187], 
              [0.382352, 0.182353, 0.135286, 0.30001], 
              [0.288276, 0.217571, 0.117622, 0.376531], 
              [0.323558, 0.152904, 0.158801, 0.364737]
            ]
          }, {
            "db": 0,
            "id": "filter29",
            "len": 24,
            "nsites": 140,
            "evalue": "1.0e+000",
            "pwm": [
              [0.201497, 0.152771, 0.305447, 0.340284], 
              [0.270868, 0.201352, 0.187462, 0.340318], 
              [0.236193, 0.298482, 0.159682, 0.305643], 
              [0.243188, 0.256812, 0.159682, 0.340318], 
              [0.277863, 0.256812, 0.243022, 0.222303], 
              [0.263973, 0.229132, 0.236027, 0.270868], 
              [0.236193, 0.243022, 0.194357, 0.326428], 
              [0.319433, 0.166677, 0.138896, 0.374994], 
              [0.333323, 0.263807, 0.111116, 0.291753], 
              [0.243188, 0.208247, 0.173572, 0.374994], 
              [0.305613, 0.236004, 0.152771, 0.305613], 
              [0.256978, 0.138896, 0.215242, 0.388884], 
              [0.291753, 0.173572, 0.201352, 0.333323], 
              [0.340318, 0.159682, 0.201352, 0.298648], 
              [0.340318, 0.145792, 0.159682, 0.354208], 
              [0.298648, 0.159682, 0.180567, 0.361104], 
              [0.361104, 0.229132, 0.145792, 0.263973], 
              [0.319465, 0.194376, 0.166693, 0.319465], 
              [0.347213, 0.187462, 0.180567, 0.284758], 
              [0.298648, 0.201352, 0.138896, 0.361104], 
              [0.319433, 0.180567, 0.118111, 0.381889], 
              [0.284758, 0.236027, 0.138896, 0.340318], 
              [0.340318, 0.229132, 0.0972262, 0.333323], 
              [0.305643, 0.187462, 0.111116, 0.395779]
            ]
          }, {
            "db": 0,
            "id": "filter3",
            "len": 24,
            "nsites": 88,
            "evalue": "1.0e+000",
            "pwm": [
              [0.510736, 0.119616, 0.238981, 0.130667], 
              [0.315289, 0.173872, 0.162983, 0.347855], 
              [0.260993, 0.22817, 0.152164, 0.358673], 
              [0.380384, 0.228193, 0.173855, 0.217569], 
              [0.282695, 0.228193, 0.217305, 0.271807], 
              [0.402159, 0.238981, 0.130404, 0.228456], 
              [0.391271, 0.141292, 0.130404, 0.337033], 
              [0.358744, 0.0978508, 0.162983, 0.380422], 
              [0.326145, 0.206418, 0.097841, 0.369596], 
              [0.337033, 0.130404, 0.184742, 0.347821], 
              [0.3044, 0.217327, 0.206438, 0.271834], 
              [0.282695, 0.152179, 0.152179, 0.412947], 
              [0.30437, 0.152179, 0.152179, 0.391271], 
              [0.380384, 0.184742, 0.206418, 0.228456], 
              [0.39131, 0.141306, 0.162983, 0.3044], 
