<!DOCTYPE HTML>
<html>
  <head>
    <meta charset="UTF-8">
    <title>Tomtom Results</title>
    <script>
      // @JSON_VAR data
      var data = {
        "program": "Tomtom",
        "version": "5.5.2",
        "release": "Sun Jan 29 10:33:12 2023 -0800",
        "cmd": [
          "tomtom", "-dist", "pearson", "-thresh", "0.05", "-oc",
          "results/tomtom", "results/filters_meme.txt",
          "Motif_database/YEASTRACT_20130918.meme"
        ],
        "options": {
          "strands": "both",
          "distance_measure": "pearson",
          "threshold_type": "qvalue",
          "threshold_value": 0.05,
          "background_source": "--query--"
        },
        "alphabet": {
          "name": "DNA",
          "like": "dna",
          "ncore": 4,
          "symbols": [
            {
              "symbol": "A",
              "name": "Adenine",
              "colour": "CC0000",
              "complement": "T"
            }, {
              "symbol": "C",
              "name": "Cytosine",
              "colour": "0000CC",
              "complement": "G"
            }, {
              "symbol": "G",
              "name": "Guanine",
              "colour": "FFB300",
              "complement": "C"
            }, {
              "symbol": "T",
              "aliases": "U",
              "name": "Thymine",
              "colour": "008000",
              "complement": "A"
            }, {
              "symbol": "N",
              "aliases": "X.",
              "name": "Any base",
              "equals": "ACGT"
            }, {
              "symbol": "V",
              "name": "Not T",
              "equals": "ACG"
            }, {
              "symbol": "H",
              "name": "Not G",
              "equals": "ACT"
            }, {
              "symbol": "D",
              "name": "Not C",
              "equals": "AGT"
            }, {
              "symbol": "B",
              "name": "Not A",
              "equals": "CGT"
            }, {
              "symbol": "M",
              "name": "Amino",
              "equals": "AC"
            }, {
              "symbol": "R",
              "name": "Purine",
              "equals": "AG"
            }, {
              "symbol": "W",
              "name": "Weak",
              "equals": "AT"
            }, {
              "symbol": "S",
              "name": "Strong",
              "equals": "CG"
            }, {
              "symbol": "Y",
              "name": "Pyrimidine",
              "equals": "CT"
            }, {
              "symbol": "K",
              "name": "Keto",
              "equals": "GT"
            }
          ]
        },
        "background": [0.313131, 0.186869, 0.186869, 0.313131],
        "query_dbs": [
          {
            "source": "results/filters_meme.txt",
            "name": "filters_meme.txt",
            "loaded": 60,
            "excluded": 0,
            "last_modified": "Sat May  6 18:04:36 2023"
          }
        ],
        "target_dbs": [
          {
            "source": "Motif_database/YEASTRACT_20130918.meme",
            "name": "YEASTRACT_20130918",
            "loaded": 732,
            "excluded": 0,
            "last_modified": "Wed May  3 22:58:18 2023"
          }
        ],
        "queries": [
          {
            "db": 0,
            "id": "filter0",
            "len": 24,
            "nsites": 58,
            "evalue": "1.0e+000",
            "pwm": [
              [0.3709, 0.0163939, 0.0807829, 0.531923], 
              [0.161561, 0.290122, 0.161344, 0.386973], 
              [0.242047, 0.193508, 0.0163955, 0.54805], 
              [0.306481, 0.241781, 0.145257, 0.306481], 
              [0.564067, 0.370683, 0.0486383, 0.0166112], 
              [0.0649279, 0.322366, 0.225733, 0.386973], 
              [0.113245, 0.644411, 0.161344, 0.0810002], 
              [0.145489, 0.1291, 0.0647106, 0.660701], 
              [0.145489, 0.0647106, 0.096955, 0.692845], 
              [0.113245, 0.032566, 0.1291, 0.72509], 
              [0.499728, 0.0647171, 0.193508, 0.242047], 
              [0.209878, 0.0163939, 0.370683, 0.403045], 
              [0.22595, 0.0486383, 0.0807829, 0.644628], 
              [0.354728, 0.1291, 0.257977, 0.258195], 
              [0.0327834, 0.0163939, 0.0163939, 0.934429], 
              [0.467434, 0.0647106, 0.145272, 0.322584], 
              [0.612384, 0.27405, 0.0647106, 0.0488556], 
              [0.0810002, 0.724872, 0.0486383, 0.145489], 
              [0.0971723, 0.161344, 0.467217, 0.274267], 
              [0.0971627, 0.22571, 0.145257, 0.53187], 
              [0.145475, 0.708729, 0.0325628, 0.113233], 
              [0.0649344, 0.080791, 0.0163955, 0.837879], 
              [0.370863, 0.0969454, 0.145257, 0.386934], 
              [0.290339, 0.0647106, 0.032566, 0.612384]
            ]
          }, {
            "db": 0,
            "id": "filter1",
            "len": 24,
            "nsites": 49,
            "evalue": "1.0e+000",
            "pwm": [
              [0.0571225, 0.11335, 0.35815, 0.471377], 
              [0.226577, 0.0380038, 0.71592, 0.0194992], 
              [0.320784, 0.0380038, 0.621713, 0.0194992], 
              [0.640831, 0.188696, 0.150973, 0.0194992], 
              [0.226577, 0.546466, 0.150973, 0.075984], 
              [0.0947457, 0.339289, 0.301666, 0.2643], 
              [0.0571225, 0.546466, 0.169835, 0.226577], 
              [0.0759764, 0.791187, 0.0568597, 0.0759764], 
              [0.2643, 0.226319, 0.414635, 0.0947457], 
              [0.584346, 0.339289, 0.0192421, 0.0571225], 
              [0.678454, 0.264043, 0.0380038, 0.0194992], 
              [0.283061, 0.150973, 0.301666, 0.2643], 
              [0.377269, 0.0380038, 0.489981, 0.0947457], 
              [0.471377, 0.0568653, 0.245181, 0.226577], 
              [0.753876, 0.0380076, 0.0944979, 0.113618], 
              [0.188935, 0.0192402, 0.376974, 0.414851], 
              [0.396031, 0.226319, 0.0192421, 0.358408], 
              [0.527862, 0.150973, 0.264043, 0.0571225], 
              [0.0947457, 0.132212, 0.0757268, 0.697316], 
              [0.358408, 0.207458, 0.35815, 0.075984], 
              [0.509051, 0.150988, 0.150988, 0.188972], 
              [0.697386, 0.169852, 0.0944979, 0.0382647], 
              [0.132469, 0.188696, 0.0944885, 0.584346], 
              [0.565485, 0.264043, 0.0568653, 0.113607]
            ]
          }, {
            "db": 0,
            "id": "filter10",
            "len": 24,
            "nsites": 101,
            "evalue": "1.0e+000",
            "pwm": [
              [0.143068, 0.133353, 0.00967544, 0.713903], 
              [0.219115, 0.0287594, 0.133366, 0.618759], 
              [0.276237, 0.285602, 0.0382472, 0.399914], 
              [0.0764344, 0.019166, 0.523467, 0.380933], 
              [0.247665, 0.276112, 0.399789, 0.0764344], 
              [0.314299, 0.0382472, 0.114372, 0.533082], 
              [0.123987, 0.552038, 0.161925, 0.16205], 
              [0.0954251, 0.0191679, 0.00967639, 0.875731], 
              [0.257155, 0.0668189, 0.466423, 0.209603], 
              [0.571145, 0.181006, 0.019166, 0.228684], 
              [0.17154, 0.0572284, 0.342746, 0.428486], 
              [0.114497, 0.0287565, 0.333155, 0.523592], 
              [0.618697, 0.190496, 0.0858001, 0.105006], 
              [0.038372, 0.161925, 0.352236, 0.447467], 
              [0.257181, 0.200007, 0.123875, 0.418937], 
              [0.514101, 0.171415, 0.24754, 0.0669437], 
              [0.16205, 0.142943, 0.599591, 0.0954156], 
              [0.181113, 0.342711, 0.209457, 0.266719], 
              [0.114497, 0.0763095, 0.494895, 0.314299], 
              [0.0192928, 0.571077, 0.276139, 0.133491], 
              [0.104996, 0.142929, 0.228536, 0.523539], 
              [0.085925, 0.323665, 0.485404, 0.105006], 
              [0.599716, 0.171415, 0.181006, 0.0478626], 
              [0.675841, 0.0572284, 0.190496, 0.0764344]
            ]
          }, {
            "db": 0,
            "id": "filter11",
            "len": 24,
            "nsites": 24,
            "evalue": "1.0e+000",
            "pwm": [
              [0.570328, 0.178634, 0.0363273, 0.21471], 
              [0.0368512, 0.0363273, 0.427597, 0.499225], 
              [0.0368547, 0.0718862, 0.0718862, 0.819373], 
              [0.107966, 0.0363308, 0.0718862, 0.783817], 
              [0.321398, 0.285318, 0.320874, 0.0724101], 
              [0.321366, 0.392045, 0.249738, 0.0368512], 
              [0.250262, 0.178634, 0.0718791, 0.499225], 
              [0.107955, 0.392045, 0.392045, 0.107955], 
              [0.0368512, 0.392045, 0.0718791, 0.499225], 
              [0.428121, 0.28529, 0.107431, 0.179158], 
              [0.0724101, 0.0718862, 0.249763, 0.605941], 
              [0.428121, 0.28529, 0.249738, 0.0368512], 
              [0.0368547, 0.783293, 0.0718862, 0.107966], 
              [0.0368512, 0.178634, 0.0718791, 0.712635], 
              [0.107966, 0.214208, 0.107442, 0.570385], 
              [0.107966, 0.107442, 0.214208, 0.570385], 
              [0.712707, 0.0718862, 0.107442, 0.107966], 
              [0.179158, 0.0363273, 0.320842, 0.463673], 
              [0.499274, 0.356429, 0.0363308, 0.107966], 
              [0.285814, 0.427597, 0.178634, 0.107955], 
              [0.0368512, 0.0718791, 0.392045, 0.499225], 
              [0.428121, 0.427597, 0.0363273, 0.107955], 
              [0.0368512, 0.783215, 0.0363273, 0.143606], 
              [0.712635, 0.0718791, 0.178634, 0.0368512]
            ]
          }, {
            "db": 0,
            "id": "filter12",
            "len": 24,
            "nsites": 74,
            "evalue": "1.0e+000",
            "pwm": [
              [0.025988, 0.102714, 0.614822, 0.256477], 
              [0.294925, 0.141062, 0.051483, 0.512531], 
              [0.269286, 0.205096, 0.0258202, 0.499798], 
              [0.154015, 0.205075, 0.538025, 0.102884], 
              [0.12845, 0.37155, 0.102714, 0.397286], 
              [0.12845, 0.102714, 0.153845, 0.614992], 
              [0.525313, 0.281971, 0.128279, 0.0644361], 
              [0.17968, 0.0898311, 0.230741, 0.499748], 
              [0.0132053, 0.550808, 0.0770484, 0.358938], 
              [0.333306, 0.0514881, 0.0258202, 0.589386], 
              [0.333306, 0.576431, 0.0130362, 0.0772265], 
              [0.12845, 0.0130349, 0.166727, 0.691788], 
              [0.294895, 0.486746, 0.0514778, 0.166881], 
              [0.269286, 0.205096, 0.461175, 0.0644425], 
              [0.461346, 0.21788, 0.141076, 0.179698], 
              [0.141232, 0.678835, 0.0770484, 0.102884], 
              [0.179698, 0.15386, 0.461175, 0.205266], 
              [0.166898, 0.397116, 0.281971, 0.154015], 
              [0.0259906, 0.0898401, 0.576431, 0.307738], 
              [0.154015, 0.166727, 0.307537, 0.371721], 
              [0.0772265, 0.0770561, 0.640451, 0.205266], 
              [0.410169, 0.0898311, 0.115496, 0.384504], 
              [0.0900015, 0.37155, 0.307537, 0.230911], 
              [0.474135, 0.281943, 0.0642593, 0.179662]
            ]
          }, {
            "db": 0,
            "id": "filter13",
            "len": 24,
            "nsites": 66,
            "evalue": "1.0e+000",
            "pwm": [
              [0.100322, 0.0572963, 0.128688, 0.713693], 
              [0.257185, 0.100131, 0.499526, 0.143158], 
              [0.471161, 0.228537, 0.0715747, 0.228728], 
              [0.214428, 0.0288366, 0.727708, 0.0290276], 
              [0.228705, 0.0431135, 0.684877, 0.0433045], 
              [0.128866, 0.0145596, 0.142952, 0.713622], 
              [0.0290276, 0.741985, 0.142952, 0.0860355], 
              [0.0433088, 0.399678, 0.256994, 0.30002], 
              [0.456882, 0.0431178, 0.171423, 0.328577], 
              [0.185893, 0.128688, 0.670667, 0.0147521], 
              [0.157336, 0.185702, 0.228537, 0.428425], 
              [0.128879, 0.0715747, 0.513805, 0.285741], 
              [0.0290305, 0.11441, 0.656389, 0.200171], 
              [0.0147507, 0.114398, 0.0288366, 0.842014], 
              [0.114589, 0.442468, 0.0288366, 0.414106], 
              [0.200171, 0.100131, 0.456691, 0.243006], 
              [0.257185, 0.0145611, 0.442513, 0.285741], 
              [0.157336, 0.513805, 0.228537, 0.100322], 
              [0.442659, 0.0858445, 0.128675, 0.342821], 
              [0.185893, 0.385399, 0.142967, 0.285741], 
              [0.0290305, 0.171423, 0.328386, 0.471161], 
              [0.143158, 0.128688, 0.171423, 0.556731], 
              [0.157336, 0.428234, 0.242815, 0.171614], 
              [0.0717657, 0.499526, 0.185702, 0.243006]
            ]
          }, {
            "db": 0,
            "id": "filter14",
            "len": 24,
            "nsites": 61,
            "evalue": "1.0e+000",
            "pwm": [
              [0.21556, 0.169229, 0.583949, 0.0312621], 
              [0.307709, 0.599324, 0.07708, 0.0158873], 
              [0.21556, 0.215353, 0.384276, 0.18481], 
              [0.123411, 0.445776, 0.368902, 0.0619118], 
              [0.154061, 0.0156806, 0.0464302, 0.783828], 
              [0.169436, 0.123204, 0.261378, 0.445982], 
              [0.0619118, 0.599324, 0.215353, 0.123411], 
              [0.123411, 0.583949, 0.215353, 0.0772866], 
              [0.860603, 0.0156806, 0.0156806, 0.108036], 
              [0.307709, 0.184604, 0.0617052, 0.445982], 
              [0.169436, 0.138579, 0.553199, 0.138786], 
              [0.415191, 0.307472, 0.0310524, 0.246285], 
              [0.230912, 0.445731, 0.307472, 0.0158857], 
              [0.430564, 0.0156791, 0.445731, 0.108025], 
              [0.630217, 0.246078, 0.0464256, 0.077279], 
              [0.230935, 0.368902, 0.0464302, 0.353733], 
              [0.369145, 0.199998, 0.0770877, 0.353769], 
              [0.184792, 0.0310524, 0.645384, 0.138772], 
              [0.276959, 0.10783, 0.445776, 0.169436], 
              [0.384483, 0.0617052, 0.537924, 0.0158873], 
              [0.369108, 0.246103, 0.0156806, 0.369108], 
              [0.0466369, 0.691473, 0.0617052, 0.200185], 
              [0.031259, 0.491751, 0.445731, 0.031259], 
              [0.507382, 0.138579, 0.153854, 0.200185]
            ]
          }, {
            "db": 0,
            "id": "filter15",
            "len": 24,
            "nsites": 70,
            "evalue": "1.0e+000",
            "pwm": [
              [0.391788, 0.418569, 0.0542894, 0.135354], 
              [0.364826, 0.216158, 0.121693, 0.297323], 
              [0.310803, 0.0407088, 0.580538, 0.0679503], 
              [0.0274082, 0.0137473, 0.472592, 0.486253], 
              [0.513214, 0.175716, 0.297142, 0.0139274], 
              [0.162415, 0.337585, 0.472592, 0.0274082], 
              [0.14885, 0.21618, 0.486121, 0.14885], 
              [0.0139274, 0.121693, 0.202677, 0.661702], 
              [0.297323, 0.391608, 0.175716, 0.135354], 
              [0.0408889, 0.135174, 0.364646, 0.459291], 
              [0.499783, 0.0272308, 0.445575, 0.0274109], 
              [0.216338, 0.162235, 0.44553, 0.175896], 
              [0.445755, 0.189216, 0.0272308, 0.337799], 
              [0.0544695, 0.769468, 0.0407088, 0.135354], 
              [0.310803, 0.0542894, 0.24312, 0.391788], 
              [0.567237, 0.405088, 0.0137473, 0.0139274], 
              [0.0544641, 0.0677634, 0.567, 0.310772], 
              [0.0949117, 0.0542894, 0.0137473, 0.837052], 
              [0.324316, 0.0407128, 0.405129, 0.229842], 
              [0.162415, 0.0407088, 0.728926, 0.0679503], 
              [0.0814229, 0.175698, 0.36461, 0.378269], 
              [0.769648, 0.0947316, 0.0407088, 0.0949117], 
              [0.62116, 0.0137473, 0.0542894, 0.310803], 
              [0.621222, 0.121705, 0.21618, 0.040893]
            ]
          }, {
            "db": 0,
            "id": "filter16",
            "len": 24,
            "nsites": 13,
            "evalue": "1.0e+000",
            "pwm": [
              [0.0607415, 0.0597776, 0.468434, 0.411047], 
              [0.411047, 0.468434, 0.0597776, 0.0607415], 
              [0.0607473, 0.0597835, 0.818722, 0.0607473], 
              [0.0607473, 0.0597835, 0.0597835, 0.819686], 
              [0.0607415, 0.410083, 0.0597776, 0.469398], 
              [0.469445, 0.11814, 0.351668, 0.0607473], 
              [0.0607473, 0.0597835, 0.351668, 0.527802], 
              [0.0607473, 0.0597835, 0.0597835, 0.819686], 
              [0.819686, 0.0597835, 0.0597835, 0.0607473], 
              [0.0607473, 0.0597835, 0.818722, 0.0607473], 
              [0.0607473, 0.818722, 0.0597835, 0.0607473], 
              [0.527802, 0.0597835, 0.351668, 0.0607473], 
              [0.0607473, 0.818722, 0.0597835, 0.0607473], 
              [0.0607473, 0.11814, 0.760365, 0.0607473], 
              [0.0607473, 0.351668, 0.526838, 0.0607473], 
              [0.119104, 0.0597835, 0.0597835, 0.761329], 
              [0.119104, 0.351668, 0.468481, 0.0607473], 
              [0.119104, 0.760365, 0.0597835, 0.0607473], 
              [0.0607473, 0.760365, 0.11814, 0.0607473], 
              [0.0607473, 0.0597835, 0.0597835, 0.819686], 
              [0.0607473, 0.0597835, 0.0597835, 0.819686], 
              [0.761329, 0.0597835, 0.11814, 0.0607473], 
              [0.469398, 0.0597776, 0.410083, 0.0607415], 
              [0.0607473, 0.818722, 0.0597835, 0.0607473]
            ]
          }, {
            "db": 0,
            "id": "filter17",
            "len": 24,
            "nsites": 19,
            "evalue": "1.0e+000",
            "pwm": [
              [0.0881839, 0.173968, 0.433502, 0.304346], 
              [0.174629, 0.0442506, 0.736209, 0.0449117], 
              [0.261173, 0.130696, 0.260512, 0.347618], 
              [0.520608, 0.0442506, 0.21724, 0.217901], 
              [0.0881753, 0.822671, 0.0442463, 0.0449074], 
              [0.0881839, 0.260512, 0.346957, 0.304346], 
              [0.0449117, 0.21724, 0.303685, 0.434163], 
              [0.43412, 0.0875142, 0.0442463, 0.43412], 
              [0.520608, 0.346957, 0.0442506, 0.0881839], 
              [0.174612, 0.0875142, 0.260486, 0.477388], 
              [0.174629, 0.21724, 0.130696, 0.477435], 
              [0.0881839, 0.563219, 0.130696, 0.217901], 
              [0.347653, 0.130709, 0.303715, 0.217923], 
              [0.0449117, 0.173968, 0.39023, 0.390891], 
              [0.607153, 0.130696, 0.173968, 0.0881839], 
              [0.0881753, 0.390191, 0.260486, 0.261148], 
              [0.0449074, 0.0442463, 0.822671, 0.0881753], 
              [0.131357, 0.0442506, 0.173968, 0.650425], 
              [0.131344, 0.0875142, 0.0875142, 0.693628], 
              [0.73687, 0.0442506, 0.130696, 0.0881839], 
              [0.347653, 0.130709, 0.130709, 0.39093], 
              [0.477388, 0.0875142, 0.0442463, 0.390852], 
              [0.0881753, 0.173951, 0.0442463, 0.693628], 
              [0.304346, 0.563219, 0.0442506, 0.0881839]
            ]
          }, {
            "db": 0,
            "id": "filter18",
            "len": 24,
            "nsites": 73,
            "evalue": "1.0e+000",
            "pwm": [
              [0.389495, 0.0392023, 0.104014, 0.467289], 
              [0.584029, 0.220754, 0.14296, 0.0522574], 
              [0.104186, 0.116996, 0.570874, 0.207944], 
              [0.0652396, 0.0132379, 0.77839, 0.143133], 
              [0.233885, 0.0391984, 0.402265, 0.324652], 
              [0.350584, 0.168842, 0.168842, 0.311733], 
              [0.337633, 0.104003, 0.233712, 0.324652], 
              [0.220926, 0.0262201, 0.194789, 0.558064], 
              [0.648875, 0.207751, 0.104003, 0.0393711], 
              [0.51927, 0.0650733, 0.0520898, 0.363567], 
              [0.0263928, 0.116996, 0.298547, 0.558064], 
              [0.648875, 0.0650604, 0.142946, 0.143119], 
              [0.156015, 0.14296, 0.168825, 0.5322], 
              [0.376513, 0.116996, 0.285565, 0.220926], 
              [0.233885, 0.0132366, 0.324479, 0.428399], 
              [0.519218, 0.454134, 0.0132379, 0.0134106], 
              [0.168997, 0.441252, 0.285565, 0.104186], 
              [0.0263902, 0.0262175, 0.246693, 0.700699], 
              [0.55812, 0.27261, 0.155858, 0.0134119], 
              [0.220904, 0.220732, 0.0391984, 0.519166], 
              [0.117168, 0.389323, 0.14296, 0.350549], 
              [0.467336, 0.0650733, 0.0650733, 0.402518], 
              [0.623038, 0.0650733, 0.0520898, 0.259799], 
              [0.039375, 0.0262201, 0.0650669, 0.869338]
            ]
          }, {
            "db": 0,
            "id": "filter19",
            "len": 24,
            "nsites": 14,
            "evalue": "1.0e+000",
            "pwm": [
              [0.0574209, 0.828633, 0.0565255, 0.0574209], 
              [0.388324, 0.0565255, 0.49773, 0.0574209], 
              [0.222845, 0.056531, 0.497779, 0.222845], 
              [0.112533, 0.608091, 0.166843, 0.112533], 
              [0.388363, 0.056531, 0.332261, 0.222845], 
              [0.167739, 0.221949, 0.221949, 0.388363], 
              [0.0574209, 0.828633, 0.0565255, 0.0574209], 
              [0.167722, 0.166826, 0.608031, 0.0574209], 
              [0.167722, 0.0565255, 0.718332, 0.0574209], 
              [0.112533, 0.442574, 0.056531, 0.388363], 
              [0.388363, 0.166843, 0.332261, 0.112533], 
              [0.222845, 0.277155, 0.442574, 0.0574265], 
              [0.112522, 0.663231, 0.0565255, 0.167722], 
              [0.167722, 0.111626, 0.663231, 0.0574209], 
              [0.167739, 0.332261, 0.442574, 0.0574265], 
              [0.278051, 0.442574, 0.111637, 0.167739], 
              [0.443469, 0.056531, 0.332261, 0.167739], 
              [0.112533, 0.111637, 0.718403, 0.0574265], 
              [0.112544, 0.442618, 0.332295, 0.112544], 
              [0.278023, 0.0565255, 0.55293, 0.112522], 
              [0.167722, 0.0565255, 0.608031, 0.167722], 
              [0.0574265, 0.442574, 0.056531, 0.443469], 
              [0.222845, 0.056531, 0.608091, 0.112533], 
              [0.167722, 0.111626, 0.663231, 0.0574209]
            ]
          }, {
            "db": 0,
            "id": "filter2",
            "len": 24,
            "nsites": 15,
            "evalue": "1.0e+000",
            "pwm": [
              [0.0543306, 0.158108, 0.733231, 0.0543306], 
              [0.47259, 0.158076, 0.262668, 0.106666], 
              [0.368034, 0.10584, 0.158092, 0.368034], 
              [0.158928, 0.10584, 0.680906, 0.0543254], 
              [0.368034, 0.10584, 0.314946, 0.21118], 
              [0.734067, 0.0534944, 0.158108, 0.0543306], 
              [0.0543306, 0.210364, 0.576361, 0.158944], 
              [0.0543306, 0.733231, 0.0534944, 0.158944], 
              [0.263531, 0.0534892, 0.367198, 0.315782], 
              [0.0543306, 0.210364, 0.680974, 0.0543306], 
              [0.838681, 0.0534944, 0.0534944, 0.0543306], 
              [0.106666, 0.10583, 0.680838, 0.106666], 
              [0.472637, 0.0534892, 0.262694, 0.21118], 
              [0.106676, 0.367198, 0.210344, 0.315782], 
              [0.315814, 0.0534944, 0.576361, 0.0543306], 
              [0.263531, 0.0534892, 0.628655, 0.0543254], 
              [0.629491, 0.262694, 0.0534892, 0.0543254], 
              [0.368034, 0.0534892, 0.158092, 0.420385], 
              [0.0543254, 0.4718, 0.367198, 0.106676], 
              [0.263531, 0.0534892, 0.158092, 0.524888], 
              [0.0543254, 0.158092, 0.628655, 0.158928], 
              [0.368034, 0.367198, 0.158092, 0.106676], 
              [0.158928, 0.524052, 0.262694, 0.0543254], 
              [0.420343, 0.053484, 0.10583, 0.420343]
            ]
          }, {
            "db": 0,
            "id": "filter20",
            "len": 24,
            "nsites": 13,
            "evalue": "1.0e+000",
            "pwm": [
              [0.527802, 0.0597835, 0.0597835, 0.352631], 
              [0.702902, 0.0597776, 0.0597776, 0.177543], 
              [0.235894, 0.293281, 0.293281, 0.177543], 
              [0.352631, 0.0597835, 0.0597835, 0.527802], 
              [0.586159, 0.293311, 0.0597835, 0.0607473], 
              [0.411047, 0.410083, 0.118129, 0.0607415], 
              [0.235894, 0.176579, 0.23493, 0.352596], 
              [0.527749, 0.176579, 0.118129, 0.177543], 
              [0.119104, 0.11814, 0.234954, 0.527802], 
              [0.177543, 0.118129, 0.23493, 0.469398], 
              [0.644551, 0.0597776, 0.0597776, 0.235894], 
              [0.527802, 0.0597835, 0.0597835, 0.352631], 
              [0.702902, 0.176579, 0.0597776, 0.0607415], 
              [0.177543, 0.0597776, 0.351633, 0.411047], 
              [0.119104, 0.0597835, 0.526838, 0.294274], 
              [0.586159, 0.293311, 0.0597835, 0.0607473], 
              [0.761329, 0.0597835, 0.0597835, 0.119104], 
              [0.469398, 0.176579, 0.118129, 0.235894], 
              [0.352631, 0.11814, 0.0597835, 0.469445], 
              [0.644551, 0.176579, 0.118129, 0.0607415], 
              [0.177543, 0.585136, 0.0597776, 0.177543], 
              [0.644551, 0.118129, 0.176579, 0.0607415], 
              [0.761329, 0.0597835, 0.0597835, 0.119104], 
              [0.644551, 0.118129, 0.176579, 0.0607415]
            ]
          }, {
            "db": 0,
            "id": "filter21",
            "len": 24,
            "nsites": 49,
            "evalue": "1.0e+000",
            "pwm": [
              [0.490239, 0.0944885, 0.377012, 0.038261], 
              [0.2643, 0.0380038, 0.132212, 0.565485], 
              [0.207715, 0.452258, 0.320527, 0.0194992], 
              [0.0382647, 0.0380076, 0.245205, 0.678522], 
              [0.546723, 0.0944885, 0.0757268, 0.283061], 
              [0.0947551, 0.565284, 0.132225, 0.207736], 
              [0.0947551, 0.113361, 0.0944979, 0.697386], 
              [0.207715, 0.0757268, 0.0192421, 0.697316], 
              [0.188935, 0.414594, 0.0192402, 0.377231], 
              [0.527862, 0.132212, 0.132212, 0.207715], 
              [0.0571281, 0.395813, 0.0380076, 0.509051], 
              [0.075984, 0.132212, 0.508743, 0.283061], 
              [0.188935, 0.0192402, 0.0757193, 0.716106], 
              [0.0947363, 0.320495, 0.320495, 0.264273], 
              [0.39607, 0.056871, 0.0380076, 0.509051], 
              [0.075984, 0.527605, 0.150973, 0.245438], 
              [0.132469, 0.602951, 0.11335, 0.15123], 
              [0.622032, 0.0380076, 0.188715, 0.151245], 
              [0.339546, 0.0757268, 0.546466, 0.038261], 
              [0.0571225, 0.395774, 0.527605, 0.0194992], 
              [0.170092, 0.207458, 0.188696, 0.433754], 
              [0.0759764, 0.433453, 0.169818, 0.320752], 
              [0.471424, 0.150988, 0.282832, 0.0947551], 
              [0.377231, 0.414594, 0.132198, 0.0759764]
            ]
          }, {
            "db": 0,
            "id": "filter22",
            "len": 24,
            "nsites": 59,
            "evalue": "1.0e+000",
            "pwm": [
              [0.190707, 0.0953551, 0.665888, 0.0480493], 
              [0.206501, 0.523282, 0.158764, 0.111453], 
              [0.269873, 0.142974, 0.333052, 0.2541], 
              [0.174834, 0.428191, 0.111228, 0.285746], 
              [0.206501, 0.34896, 0.158764, 0.285775], 
              [0.190688, 0.127089, 0.14296, 0.539263], 
              [0.349139, 0.0161893, 0.586622, 0.0480493], 
              [0.254075, 0.0161877, 0.713336, 0.0164013], 
              [0.333299, 0.444009, 0.127114, 0.0955783], 
              [0.111442, 0.0637087, 0.745054, 0.0797955], 
              [0.0639224, 0.206267, 0.0795818, 0.650229], 
              [0.618482, 0.190494, 0.0478356, 0.143188], 
              [0.206481, 0.0637087, 0.539103, 0.190707], 
              [0.143188, 0.443964, 0.0953551, 0.317493], 
              [0.0164013, 0.111217, 0.380633, 0.491748], 
              [0.254075, 0.0161877, 0.23799, 0.491748], 
              [0.570963, 0.0953551, 0.317279, 0.0164029], 
              [0.365012, 0.0953551, 0.0161893, 0.523444], 
              [0.206501, 0.570806, 0.0161909, 0.206501], 
              [0.127315, 0.190494, 0.634142, 0.0480493], 
              [0.063916, 0.253861, 0.602435, 0.0797876], 
              [0.222354, 0.22214, 0.142974, 0.412532], 
              [0.0321794, 0.444009, 0.317311, 0.206501], 
              [0.0639224, 0.0953551, 0.586622, 0.2541]
            ]
          }, {
            "db": 0,
            "id": "filter23",
            "len": 24,
            "nsites": 50,
            "evalue": "1.0e+000",
            "pwm": [
              [0.166992, 0.222129, 0.240593, 0.370286], 
              [0.0190899, 0.129727, 0.240617, 0.610566], 
              [0.056114, 0.277619, 0.0372991, 0.628968], 
              [0.0375549, 0.0188379, 0.0373028, 0.906304], 
              [0.0561085, 0.351535, 0.332974, 0.259382], 
              [0.499627, 0.0372991, 0.111251, 0.351823], 
              [0.499627, 0.0372991, 0.296082, 0.166992], 
              [0.0190899, 0.129727, 0.240617, 0.610566], 
              [0.0190881, 0.111251, 0.259155, 0.610505], 
              [0.351788, 0.0188342, 0.277591, 0.351788], 
              [0.51809, 0.129714, 0.296082, 0.056114], 
              [0.166992, 0.0927882, 0.0372991, 0.70292], 
              [0.203918, 0.351571, 0.222129, 0.222381], 
              [0.592042, 0.0927882, 0.0743251, 0.240845], 
              [0.0561085, 0.406919, 0.369997, 0.166976], 
              [0.111514, 0.111262, 0.536355, 0.240869], 
              [0.0745697, 0.0927789, 0.758082, 0.0745697], 
              [0.0375549, 0.0373028, 0.111262, 0.81388], 
              [0.388749, 0.0927882, 0.0927882, 0.425675], 
              [0.813799, 0.0927882, 0.0743251, 0.0190881], 
              [0.0745771, 0.610253, 0.296082, 0.0190881], 
              [0.148429, 0.185203, 0.277619, 0.388749], 
              [0.481164, 0.148177, 0.16674, 0.203918], 
              [0.314797, 0.111251, 0.351571, 0.222381]
            ]
          }, {
            "db": 0,
            "id": "filter24",
            "len": 24,
            "nsites": 75,
            "evalue": "1.0e+000",
            "pwm": [
              [0.114177, 0.0255177, 0.0255177, 0.834788], 
              [0.0130988, 0.0129306, 0.0381944, 0.935776], 
              [0.0762235, 0.0507865, 0.0255177, 0.847472], 
              [0.152115, 0.0255151, 0.0255151, 0.796855], 
              [0.101582, 0.265695, 0.0507814, 0.581942], 
              [0.0889078, 0.379481, 0.0507865, 0.480825], 
              [0.0131, 0.0760478, 0.113997, 0.796855], 
              [0.341762, 0.240429, 0.0634645, 0.354345], 
              [0.0256833, 0.0887309, 0.0381982, 0.847388], 
              [0.1521, 0.0129306, 0.0129306, 0.822039], 
              [0.303782, 0.164613, 0.0634582, 0.468146], 
              [0.0636327, 0.113997, 0.189896, 0.632474], 
              [0.063639, 0.0760553, 0.0760553, 0.78425], 
              [0.316496, 0.0760478, 0.0887309, 0.518726], 
              [0.126848, 0.0129319, 0.0255151, 0.834705], 
              [0.0383664, 0.0507814, 0.0129319, 0.89792], 
              [0.114177, 0.0507865, 0.151962, 0.683075], 
              [0.25328, 0.0760478, 0.0255151, 0.645157], 
              [0.164781, 0.34156, 0.101404, 0.392255], 
              [0.202668, 0.0507865, 0.0634709, 0.683075], 
              [0.139446, 0.0507865, 0.0255177, 0.78425], 
              [0.733639, 0.0634645, 0.0255151, 0.177381], 
              [0.0130988, 0.113986, 0.0129306, 0.859985], 
              [0.316496, 0.189896, 0.0507814, 0.442827]
            ]
          }, {
            "db": 0,
            "id": "filter25",
            "len": 24,
            "nsites": 75,
            "evalue": "1.0e+000",
            "pwm": [
              [0.0256833, 0.417393, 0.12668, 0.430244], 
              [0.240573, 0.0381944, 0.164613, 0.55662], 
              [0.0383664, 0.290961, 0.0129319, 0.657741], 
              [0.0383626, 0.189877, 0.316296, 0.455465], 
              [0.177381, 0.101414, 0.341594, 0.379611], 
              [0.0256833, 0.430076, 0.113997, 0.430244], 
              [0.0256833, 0.594357, 0.253112, 0.126848], 
              [0.683007, 0.0129319, 0.202479, 0.101582], 
              [0.190064, 0.36686, 0.113997, 0.329079], 
              [0.0636327, 0.392126, 0.113997, 0.430244], 
              [0.1521, 0.0129306, 0.253086, 0.581883], 
              [0.0256833, 0.0255151, 0.0255151, 0.923286], 
              [0.0256858, 0.0760553, 0.227768, 0.670491], 
              [0.126861, 0.0760553, 0.594416, 0.202668], 
              [0.278546, 0.240429, 0.151947, 0.329079], 
              [0.126848, 0.0255151, 0.177213, 0.670424], 
              [0.354345, 0.0381982, 0.177213, 0.430244], 
              [0.0509546, 0.758813, 0.0760553, 0.114177], 
              [0.114165, 0.708205, 0.0255151, 0.152115], 
              [0.202647, 0.0129319, 0.430076, 0.354345], 
              [0.0256858, 0.0760553, 0.379481, 0.518778], 
              [0.0256807, 0.253086, 0.316296, 0.404937], 
              [0.0130988, 0.215141, 0.708134, 0.0636263], 
              [0.177381, 0.227745, 0.101414, 0.49346]
            ]
          }, {
            "db": 0,
            "id": "filter26",
            "len": 24,
            "nsites": 105,
            "evalue": "1.0e+000",
            "pwm": [
              [0.37604, 0.30269, 0.073508, 0.247762], 
              [0.321092, 0.0826992, 0.0276516, 0.568557], 
              [0.0736281, 0.0368429, 0.88004, 0.00948918], 
              [0.238595, 0.275143, 0.0368465, 0.449415], 
              [0.284427, 0.00936905, 0.00936905, 0.696835], 
              [0.0828193, 0.0184604, 0.641767, 0.256954], 
              [0.458561, 0.174312, 0.146838, 0.220288], 
              [0.266145, 0.0551255, 0.210977, 0.467753], 
              [0.165257, 0.0184622, 0.761029, 0.0552511], 
              [0.403614, 0.210977, 0.128456, 0.256954], 
              [0.211097, 0.0368429, 0.00936905, 0.742691], 
              [0.0277718, 0.183503, 0.669241, 0.119484], 
              [0.403614, 0.220168, 0.0643167, 0.311901], 
              [0.486084, 0.165137, 0.055131, 0.293648], 
              [0.119484, 0.073508, 0.779236, 0.0277718], 
              [0.412705, 0.440159, 0.0460341, 0.101102], 
              [0.385231, 0.0460341, 0.0276516, 0.541083], 
              [0.101102, 0.00936905, 0.852566, 0.036963], 
              [0.412705, 0.320972, 0.0460341, 0.220288], 
              [0.412746, 0.0827075, 0.0184622, 0.486084], 
              [0.339409, 0.0184622, 0.586878, 0.0552511], 
              [0.311932, 0.375958, 0.0643231, 0.247787], 
              [0.0919107, 0.0460341, 0.073508, 0.788547], 
              [0.211097, 0.0460341, 0.715097, 0.0277718]
            ]
          }, {
            "db": 0,
            "id": "filter27",
            "len": 24,
            "nsites": 72,
            "evalue": "1.0e+000",
            "pwm": [
              [0.066143, 0.591538, 0.0134409, 0.328878], 
              [0.0266952, 0.0134396, 0.105403, 0.854463], 
              [0.223824, 0.473302, 0.0265227, 0.276351], 
              [0.066143, 0.696692, 0.184204, 0.0529613], 
              [0.34206, 0.420775, 0.144758, 0.0924066], 
              [0.0266978, 0.315621, 0.118495, 0.539186], 
              [0.0266952, 0.105403, 0.105403, 0.7625], 
              [0.289504, 0.0134396, 0.0134396, 0.683617], 
              [0.539186, 0.223649, 0.0265227, 0.210642], 
              [0.0136147, 0.0397005, 0.184185, 0.7625], 
              [0.197561, 0.0397044, 0.0265227, 0.736212], 
              [0.0136147, 0.31559, 0.0134396, 0.657356], 
              [0.105578, 0.31559, 0.0134396, 0.565393], 
              [0.328911, 0.0527915, 0.249937, 0.36836], 
              [0.17128, 0.131664, 0.131664, 0.565393], 
              [0.0529613, 0.0134409, 0.249912, 0.683685], 
              [0.0136147, 0.0134396, 0.184185, 0.78876], 
              [0.512923, 0.0922314, 0.0527862, 0.34206], 
              [0.0529666, 0.144773, 0.0265253, 0.775735], 
              [0.36836, 0.0265253, 0.118507, 0.486608], 
              [0.158115, 0.473302, 0.0659679, 0.302615], 
              [0.013616, 0.0659679, 0.0265227, 0.893893], 
              [0.263243, 0.0134396, 0.052781, 0.670537], 
              [0.0136147, 0.0397005, 0.184185, 0.7625]
            ]
          }, {
            "db": 0,
            "id": "filter28",
            "len": 24,
            "nsites": 86,
            "evalue": "1.0e+000",
            "pwm": [
              [0.64408, 0.0445699, 0.0445699, 0.266781], 
              [0.277869, 0.344251, 0.0334817, 0.344398], 
              [0.0780656, 0.477414, 0.166707, 0.277813], 
              [0.743899, 0.0334784, 0.155636, 0.0669862], 
              [0.0225379, 0.177811, 0.0223913, 0.77726], 
              [0.688464, 0.0890138, 0.144449, 0.0780733], 
              [0.266727, 0.0890049, 0.0779189, 0.566349], 
              [0.533044, 0.211072, 0.0668396, 0.189044], 
              [0.288928, 0.100101, 0.122275, 0.488696], 
              [0.255667, 0.100101, 0.0334784, 0.610754], 
              [0.399899, 0.322043, 0.122275, 0.155783], 
              [0.0780656, 0.166707, 0.177793, 0.577435], 
              [0.0447121, 0.0334784, 0.155636, 0.766173], 
              [0.222306, 0.510723, 0.0113041, 0.255667], 
              [0.355551, 0.0223913, 0.0113041, 0.610754], 
              [0.033625, 0.233246, 0.177811, 0.555318], 
              [0.0558991, 0.59952, 0.111188, 0.233393], 
              [0.0669862, 0.499636, 0.0445655, 0.388812], 
              [0.0669796, 0.0557469, 0.011303, 0.865971], 
              [0.0558991, 0.743752, 0.0223913, 0.177957], 
              [0.255667, 0.421927, 0.100101, 0.222306], 
              [0.200111, 0.188879, 0.0557469, 0.555263], 
              [0.244504, 0.144464, 0.0334817, 0.57755], 
              [0.0336283, 0.310987, 0.0445699, 0.610815]
            ]
          }, {
            "db": 0,
            "id": "filter29",
            "len": 24,
            "nsites": 91,
            "evalue": "1.0e+000",
            "pwm": [
              [0.242202, 0.378727, 0.168437, 0.210634], 
              [0.0108332, 0.452354, 0.0843211, 0.452492], 
              [0.179047, 0.0422589, 0.0738242, 0.70487], 
              [0.0528912, 0.389316, 0.178927, 0.378866], 
              [0.0424017, 0.168437, 0.0106946, 0.778467], 
              [0.0844429, 0.26309, 0.0317673, 0.6207], 
              [0.0319059, 0.0843043, 0.0212799, 0.86251], 
              [0.0108322, 0.242039, 0.115878, 0.63125], 
              [0.0108322, 0.136855, 0.30517, 0.547143], 
              [0.0214206, 0.210474, 0.0106936, 0.757412], 
              [0.0423933, 0.22104, 0.0738169, 0.662749], 
              [0.052886, 0.147443, 0.210474, 0.589197], 
              [0.105518, 0.46285, 0.0422547, 0.389377], 
              [0.0739628, 0.315658, 0.0317704, 0.578608], 
              [0.0949398, 0.547004, 0.231551, 0.126505], 
              [0.336808, 0.0422631, 0.0106946, 0.610235], 
              [0.0634743, 0.0422589, 0.157932, 0.736335], 
              [0.0423975, 0.0106936, 0.10539, 0.841519], 
              [0.0528912, 0.32618, 0.336669, 0.28426], 
              [0.031909, 0.50495, 0.0527474, 0.410393], 
              [0.105528, 0.0948012, 0.0317704, 0.7679], 
              [0.0949398, 0.147443, 0.10539, 0.652227], 
              [0.0214206, 0.44182, 0.336635, 0.200124], 
              [0.0949398, 0.199986, 0.221062, 0.484012]
            ]
          }, {
            "db": 0,
            "id": "filter3",
            "len": 24,
            "nsites": 120,
            "evalue": "1.0e+000",
            "pwm": [
              [0.61265, 0.249947, 0.0162422, 0.12116], 
              [0.0728003, 0.628632, 0.282221, 0.0163473], 
              [0.137233, 0.258015, 0.30637, 0.298382], 
              [0.378983, 0.241878, 0.0404261, 0.338713], 
              [0.475665, 0.0566086, 0.290214, 0.177513], 
              [0.250053, 0.0887817, 0.0485153, 0.61265], 
              [0.104973, 0.0324287, 0.709265, 0.153333], 
