MEME version 4

ALPHABET= ACGT

Background letter frequencies:
A 0.3147 C 0.1874 G 0.1863 T 0.3115

MOTIF filter0
letter-probability matrix: alength= 4 w= 24 nsites= 150
0.0390 0.0909 0.2987 0.5714
0.1818 0.3117 0.3701 0.1364
0.3896 0.0065 0.2013 0.4026
0.5390 0.2792 0.0195 0.1623
0.2468 0.2727 0.4740 0.0065
0.3506 0.1429 0.3377 0.1688
0.0844 0.0455 0.0130 0.8571
0.1558 0.3052 0.2857 0.2532
0.0065 0.1234 0.5909 0.2792
0.1494 0.3636 0.0714 0.4156
0.0649 0.0649 0.7662 0.1039
0.6494 0.0519 0.0065 0.2922
0.3247 0.0974 0.2857 0.2922
0.2662 0.1039 0.2208 0.4091
0.1039 0.6558 0.0909 0.1494
0.0195 0.7273 0.0649 0.1883
0.1558 0.1104 0.4091 0.3247
0.4286 0.0974 0.1039 0.3701
0.2208 0.1623 0.2078 0.4091
0.1948 0.2013 0.0844 0.5195
0.1494 0.4156 0.0779 0.3571
0.2403 0.0195 0.4545 0.2857
0.3117 0.4805 0.0130 0.1948
0.3377 0.0455 0.1948 0.4221

MOTIF filter1
letter-probability matrix: alength= 4 w= 24 nsites= 50
0.0370 0.3519 0.1111 0.5000
0.4815 0.0370 0.2407 0.2407
0.1111 0.5185 0.0741 0.2963
0.0185 0.3889 0.0926 0.5000
0.1296 0.1667 0.5370 0.1667
0.1296 0.3148 0.0556 0.5000
0.0556 0.1111 0.1296 0.7037
0.0741 0.0370 0.8519 0.0370
0.1852 0.5185 0.0370 0.2593
0.0741 0.3889 0.0926 0.4444
0.4444 0.0556 0.4444 0.0556
0.1852 0.3704 0.0370 0.4074
0.1111 0.7222 0.0370 0.1296
0.4815 0.0556 0.3704 0.0926
0.2222 0.5556 0.0556 0.1667
0.0185 0.7037 0.0556 0.2222
0.5185 0.0185 0.3889 0.0741
0.0370 0.2963 0.1481 0.5185
0.0556 0.4630 0.0556 0.4259
0.2778 0.0185 0.4630 0.2407
0.0926 0.2037 0.0556 0.6481
0.0370 0.2593 0.0556 0.6481
0.2963 0.0926 0.4259 0.1852
0.1667 0.5741 0.0926 0.1667

MOTIF filter2
letter-probability matrix: alength= 4 w= 24 nsites= 128
0.1061 0.1061 0.0758 0.7121
0.5303 0.0758 0.0455 0.3485
0.0758 0.0076 0.0152 0.9015
0.6288 0.0227 0.2727 0.0758
0.0606 0.0833 0.0227 0.8333
0.8788 0.0076 0.0379 0.0758
0.0606 0.0455 0.0909 0.8030
0.8864 0.0379 0.0530 0.0227
0.4924 0.0909 0.0758 0.3409
0.5682 0.0227 0.0152 0.3939
0.7424 0.0455 0.0076 0.2045
0.6970 0.0076 0.0227 0.2727
0.4091 0.0379 0.0076 0.5455
0.6364 0.0985 0.0152 0.2500
0.6136 0.0227 0.0758 0.2879
0.6894 0.0909 0.0833 0.1364
0.4545 0.0833 0.0076 0.4545
0.8409 0.0379 0.0076 0.1136
0.5682 0.0076 0.0606 0.3636
0.6439 0.0303 0.0303 0.2955
0.7348 0.0379 0.0682 0.1591
0.2348 0.0303 0.0227 0.7121
0.7652 0.0455 0.0455 0.1439
0.1970 0.0909 0.0152 0.6970

MOTIF filter3
letter-probability matrix: alength= 4 w= 24 nsites= 158
0.3025 0.0123 0.5741 0.1111
0.1605 0.2407 0.2716 0.3272
0.0247 0.5741 0.0370 0.3642
0.2284 0.0926 0.5988 0.0802
0.1358 0.3025 0.2222 0.3395
0.0370 0.6111 0.0062 0.3457
0.2593 0.1481 0.4938 0.0988
0.2840 0.3580 0.1605 0.1975
0.0123 0.2963 0.0185 0.6728
0.1975 0.0123 0.7531 0.0370
0.0432 0.4691 0.3333 0.1543
0.0185 0.4753 0.0062 0.5000
0.1975 0.0247 0.6296 0.1481
0.0432 0.1605 0.5309 0.2654
0.0309 0.4630 0.0247 0.4815
0.5617 0.0062 0.4136 0.0185
0.1173 0.2716 0.3765 0.2346
0.0247 0.6049 0.0185 0.3519
0.1914 0.0185 0.7284 0.0617
0.1420 0.2654 0.2531 0.3395
0.0247 0.3642 0.0062 0.6049
0.2593 0.0062 0.6111 0.1235
0.1049 0.3148 0.3086 0.2716
0.0309 0.4877 0.0062 0.4753

MOTIF filter4
letter-probability matrix: alength= 4 w= 24 nsites= 253
0.0934 0.0739 0.0117 0.8210
0.8210 0.0117 0.0272 0.1401
0.0545 0.0078 0.0117 0.9261
0.4864 0.0195 0.0078 0.4864
0.3852 0.0039 0.0117 0.5992
0.2179 0.0039 0.0428 0.7354
0.1868 0.0311 0.0700 0.7121
0.4008 0.0545 0.0039 0.5409
0.1128 0.0039 0.0428 0.8405
0.2918 0.0428 0.0545 0.6109
0.6031 0.0195 0.0350 0.3424
0.0272 0.0078 0.0078 0.9572
0.4280 0.0078 0.0078 0.5564
0.4669 0.1401 0.1206 0.2724
0.5175 0.0623 0.0311 0.3891
0.0039 0.0078 0.0195 0.9689
0.9377 0.0156 0.0117 0.0350
0.1128 0.1401 0.0195 0.7276
0.4280 0.0195 0.0545 0.4981
0.3424 0.0428 0.0311 0.5837
0.5253 0.0039 0.1907 0.2802
0.2996 0.0350 0.1012 0.5642
0.5681 0.0389 0.0156 0.3774
0.4591 0.0078 0.0661 0.4669

MOTIF filter5
letter-probability matrix: alength= 4 w= 24 nsites= 181
0.0973 0.2919 0.1676 0.4432
0.0595 0.1676 0.0270 0.7459
0.6378 0.0919 0.0811 0.1892
0.1676 0.0649 0.0649 0.7027
0.4216 0.3297 0.0541 0.1946
0.0324 0.1243 0.1946 0.6486
0.2378 0.0324 0.3568 0.3730
0.1514 0.0919 0.2324 0.5243
0.3622 0.0486 0.2973 0.2919
0.0486 0.0595 0.0324 0.8595
0.1784 0.0541 0.2919 0.4757
0.5405 0.1459 0.0919 0.2216
0.0162 0.3676 0.3081 0.3081
0.0811 0.0595 0.0270 0.8324
0.0757 0.2324 0.0324 0.6595
0.2703 0.0378 0.0216 0.6703
0.2270 0.0703 0.2703 0.4324
0.1459 0.1081 0.1243 0.6216
0.0378 0.0216 0.0757 0.8649
0.0378 0.0757 0.1784 0.7081
0.2270 0.2054 0.1676 0.4000
0.0378 0.0541 0.0595 0.8486
0.0865 0.0811 0.0973 0.7351
0.1243 0.1135 0.0054 0.7568

MOTIF filter6
letter-probability matrix: alength= 4 w= 24 nsites= 127
0.6183 0.0458 0.0534 0.2824
0.5191 0.1069 0.0305 0.3435
0.4351 0.0763 0.1603 0.3282
0.2672 0.0763 0.0458 0.6107
0.8244 0.0534 0.0992 0.0229
0.3359 0.0687 0.0153 0.5802
0.2977 0.1756 0.3969 0.1298
0.2824 0.2214 0.0382 0.4580
0.1832 0.1298 0.0382 0.6489
0.9389 0.0153 0.0153 0.0305
0.2672 0.1832 0.0229 0.5267
0.4962 0.1145 0.2214 0.1679
0.4580 0.1603 0.0305 0.3511
0.9160 0.0305 0.0382 0.0153
0.0840 0.0458 0.0840 0.7863
0.4122 0.1069 0.0611 0.4198
0.3282 0.1069 0.1985 0.3664
0.8855 0.0076 0.0076 0.0992
0.7786 0.0458 0.0840 0.0916
0.6260 0.0382 0.1908 0.1450
0.6870 0.0840 0.1221 0.1069
0.0611 0.0382 0.0992 0.8015
0.8015 0.0611 0.0840 0.0534
0.2901 0.0763 0.2672 0.3664

MOTIF filter7
letter-probability matrix: alength= 4 w= 24 nsites= 46
0.0600 0.4800 0.3200 0.1400
0.2800 0.3400 0.1800 0.2000
0.2200 0.2200 0.0800 0.4800
0.0200 0.7600 0.0600 0.1600
0.4600 0.1000 0.1000 0.3400
0.1400 0.0200 0.1200 0.7200
0.1400 0.5400 0.1600 0.1600
0.2000 0.0600 0.0200 0.7200
0.0200 0.0200 0.0400 0.9200
0.0200 0.4200 0.4200 0.1400
0.1600 0.1000 0.2000 0.5400
0.1000 0.1000 0.1000 0.7000
0.0200 0.6800 0.1200 0.1800
0.0800 0.1400 0.0200 0.7600
0.2800 0.0800 0.0600 0.5800
0.0600 0.8600 0.0400 0.0400
0.0800 0.2600 0.1000 0.5600
0.1000 0.0400 0.0600 0.8000
0.0600 0.4400 0.3600 0.1400
0.2000 0.0800 0.0400 0.6800
0.0200 0.0800 0.1200 0.7800
0.0600 0.6000 0.0800 0.2600
0.0200 0.1200 0.0400 0.8200
0.0600 0.0200 0.0200 0.9000

MOTIF filter8
letter-probability matrix: alength= 4 w= 24 nsites= 47
0.0196 0.7843 0.1765 0.0196
0.4314 0.1176 0.3529 0.0980
0.2745 0.0196 0.5686 0.1373
0.0588 0.3725 0.2745 0.2941
0.3529 0.0588 0.0980 0.4902
0.1961 0.1765 0.5882 0.0392
0.3529 0.5490 0.0392 0.0588
0.2549 0.1765 0.2549 0.3137
0.0196 0.0980 0.6863 0.1961
0.2745 0.2549 0.2157 0.2549
0.4118 0.0980 0.1373 0.3529
0.3529 0.0196 0.5098 0.1176
0.5490 0.2157 0.0980 0.1373
0.1765 0.1373 0.3922 0.2941
0.5882 0.0196 0.2157 0.1765
0.1765 0.5490 0.1765 0.0980
0.3922 0.4902 0.0392 0.0784
0.4902 0.0392 0.3137 0.1569
0.1765 0.7059 0.0196 0.0980
0.1176 0.0980 0.0784 0.7059
0.2353 0.0196 0.3529 0.3922
0.0196 0.8627 0.0784 0.0392
0.0392 0.1961 0.1373 0.6275
0.0784 0.0588 0.7843 0.0784

MOTIF filter9
letter-probability matrix: alength= 4 w= 24 nsites= 76
0.6375 0.0250 0.2000 0.1375
0.0875 0.1000 0.0625 0.7500
0.8125 0.0750 0.0125 0.1000
0.0750 0.0750 0.0125 0.8375
0.3625 0.0125 0.3000 0.3250
0.2750 0.3000 0.0750 0.3500
0.7250 0.1000 0.0750 0.1000
0.0500 0.0500 0.0625 0.8375
0.7375 0.0500 0.1375 0.0750
0.6125 0.0250 0.1250 0.2375
0.7250 0.1875 0.0250 0.0625
0.1125 0.0250 0.1250 0.7375
0.6125 0.0375 0.1500 0.2000
0.5500 0.1250 0.0125 0.3125
0.5375 0.0500 0.2375 0.1750
0.2375 0.1375 0.1375 0.4875
0.2375 0.0875 0.2000 0.4750
0.8125 0.0500 0.0500 0.0875
0.8375 0.0375 0.0500 0.0750
0.4125 0.0375 0.1750 0.3750
0.2125 0.0750 0.0125 0.7000
0.9250 0.0250 0.0125 0.0375
0.4500 0.1000 0.2500 0.2000
0.5250 0.0500 0.0875 0.3375

MOTIF filter10
letter-probability matrix: alength= 4 w= 24 nsites= 91
0.1474 0.2316 0.1684 0.4526
0.6105 0.1368 0.1158 0.1368
0.3158 0.4211 0.0421 0.2211
0.0737 0.4421 0.1263 0.3579
0.1474 0.6737 0.1053 0.0737
0.4632 0.1263 0.3263 0.0842
0.1053 0.3895 0.1895 0.3158
0.0526 0.1263 0.2737 0.5474
0.0105 0.0737 0.3368 0.5789
0.3158 0.0105 0.0316 0.6421
0.5895 0.2105 0.0421 0.1579
0.6421 0.0105 0.0737 0.2737
0.2947 0.0947 0.3053 0.3053
0.4632 0.0737 0.2316 0.2316
0.2000 0.4316 0.3053 0.0632
0.1053 0.1789 0.6421 0.0737
0.0842 0.0316 0.0421 0.8421
0.4737 0.2526 0.0316 0.2421
0.6842 0.0737 0.1263 0.1158
0.1474 0.2947 0.0737 0.4842
0.5263 0.3474 0.0632 0.0632
0.4842 0.2632 0.2211 0.0316
0.1579 0.2842 0.5053 0.0526
0.3368 0.1368 0.4632 0.0632

MOTIF filter11
letter-probability matrix: alength= 4 w= 24 nsites= 39
0.4884 0.0465 0.0465 0.4186
0.2326 0.1860 0.0930 0.4884
0.3488 0.0233 0.0233 0.6047
0.8605 0.0233 0.0233 0.0930
0.0233 0.3023 0.0233 0.6512
0.8372 0.0233 0.1163 0.0233
0.0465 0.0698 0.0465 0.8372
0.4186 0.0233 0.0233 0.5349
0.7442 0.0465 0.0698 0.1395
0.1628 0.0233 0.0465 0.7674
0.4186 0.0465 0.0698 0.4651
0.1395 0.0698 0.1860 0.6047
0.3256 0.0698 0.0930 0.5116
0.4884 0.1163 0.0930 0.3023
0.0233 0.0465 0.1163 0.8140
0.2558 0.2791 0.0233 0.4419
0.3023 0.3488 0.0930 0.2558
0.4419 0.1163 0.2093 0.2326
0.0233 0.0698 0.2326 0.6744
0.6744 0.0233 0.2326 0.0698
0.1860 0.0465 0.1860 0.5814
0.0233 0.0698 0.0465 0.8605
0.7674 0.0233 0.0465 0.1628
0.0465 0.0465 0.3256 0.5814

MOTIF filter12
letter-probability matrix: alength= 4 w= 24 nsites= 74
0.0513 0.0769 0.3205 0.5513
0.5897 0.2821 0.0385 0.0897
0.4744 0.0641 0.0385 0.4231
0.2179 0.0128 0.1026 0.6667
0.1795 0.0128 0.0385 0.7692
0.5513 0.1282 0.0256 0.2949
0.1026 0.0128 0.0385 0.8462
0.3462 0.0513 0.0128 0.5897
0.6026 0.1795 0.0641 0.1538
0.2692 0.0256 0.1282 0.5769
0.2308 0.1795 0.0513 0.5385
0.8077 0.0128 0.0513 0.1282
0.2692 0.1282 0.1026 0.5000
0.6538 0.0128 0.1923 0.1410
0.4872 0.0513 0.0385 0.4231
0.7436 0.0385 0.1154 0.1026
0.1282 0.0256 0.0128 0.8333
0.8974 0.0128 0.0769 0.0128
0.0128 0.0385 0.0256 0.9231
0.8590 0.0256 0.0513 0.0641
0.2179 0.0128 0.1026 0.6667
0.9231 0.0128 0.0128 0.0513
0.0641 0.0256 0.0897 0.8205
0.8846 0.0385 0.0513 0.0256

MOTIF filter13
letter-probability matrix: alength= 4 w= 24 nsites= 20
0.5417 0.1250 0.0417 0.2917
0.0833 0.0417 0.0417 0.8333
0.2083 0.0833 0.1667 0.5417
0.4583 0.0833 0.2500 0.2083
0.0417 0.2083 0.1250 0.6250
0.1667 0.0417 0.5000 0.2917
0.4583 0.2500 0.2083 0.0833
0.1667 0.2917 0.1667 0.3750
0.0417 0.1250 0.0417 0.7917
0.1250 0.0833 0.1667 0.6250
0.8750 0.0417 0.0417 0.0417
0.0417 0.5000 0.3750 0.0833
0.1250 0.4583 0.2917 0.1250
0.2083 0.1667 0.1667 0.4583
0.0417 0.1250 0.1250 0.7083
0.0417 0.0417 0.2500 0.6667
0.3333 0.1250 0.3750 0.1667
0.2083 0.1250 0.2083 0.4583
0.1667 0.3750 0.2500 0.2083
0.7083 0.0417 0.2083 0.0417
0.0417 0.0417 0.1667 0.7500
0.2083 0.3333 0.0833 0.3750
0.3333 0.0833 0.2083 0.3750
0.3750 0.0417 0.2917 0.2917

MOTIF filter14
letter-probability matrix: alength= 4 w= 24 nsites= 64
0.2794 0.1029 0.0882 0.5294
0.0882 0.0882 0.7941 0.0294
0.0588 0.4853 0.0147 0.4412
0.5882 0.0441 0.2206 0.1471
0.0147 0.2206 0.3971 0.3676
0.5735 0.0882 0.0294 0.3088
0.3676 0.3971 0.1912 0.0441
0.3676 0.1029 0.4412 0.0882
0.2794 0.1471 0.4265 0.1471
0.3676 0.0588 0.0441 0.5294
0.0294 0.0441 0.7647 0.1618
0.4412 0.2647 0.0441 0.2500
0.8235 0.0882 0.0441 0.0441
0.0588 0.4118 0.3088 0.2206
0.4559 0.1029 0.1176 0.3235
0.1471 0.2059 0.4265 0.2206
0.5441 0.2206 0.1324 0.1029
0.5441 0.3088 0.0441 0.1029
0.3529 0.0147 0.5441 0.0882
0.2794 0.3971 0.3088 0.0147
0.3824 0.0147 0.4265 0.1765
0.7353 0.1324 0.1029 0.0294
0.1029 0.0294 0.0882 0.7794
0.5882 0.1324 0.2353 0.0441

MOTIF filter15
letter-probability matrix: alength= 4 w= 24 nsites= 45
0.2041 0.2653 0.5102 0.0204
0.0408 0.3265 0.2041 0.4286
0.2245 0.0408 0.1429 0.5918
0.1633 0.0816 0.6531 0.1020
0.3061 0.1837 0.2449 0.2653
0.4694 0.2449 0.1429 0.1429
0.0816 0.0204 0.5306 0.3673
0.2449 0.6735 0.0612 0.0204
0.1020 0.2245 0.2449 0.4286
0.0816 0.3061 0.4898 0.1224
0.1429 0.2245 0.2449 0.3878
0.1633 0.0816 0.6122 0.1429
0.3878 0.1224 0.0612 0.4286
0.3878 0.0408 0.1633 0.4082
0.8367 0.0408 0.0816 0.0408
0.3265 0.1837 0.2449 0.2449
0.2449 0.4898 0.1429 0.1224
0.2041 0.0612 0.6735 0.0612
0.4490 0.3673 0.1020 0.0816
0.0204 0.2245 0.3061 0.4490
0.0204 0.3265 0.1020 0.5510
0.2449 0.4898 0.0204 0.2449
0.4286 0.1020 0.3061 0.1633
0.6735 0.0816 0.1224 0.1224

MOTIF filter16
letter-probability matrix: alength= 4 w= 24 nsites= 38
0.4524 0.1429 0.2857 0.1190
0.1905 0.0238 0.3571 0.4286
0.2619 0.0714 0.4762 0.1905
0.0714 0.1905 0.3333 0.4048
0.1905 0.2619 0.0714 0.4762
0.1190 0.4286 0.0238 0.4286
0.0476 0.2619 0.0714 0.6190
0.2857 0.1667 0.0952 0.4524
0.1429 0.0238 0.7143 0.1190
0.2619 0.0476 0.5000 0.1905
0.5000 0.0476 0.4286 0.0238
0.0952 0.1667 0.5476 0.1905
0.0238 0.2381 0.0238 0.7143
0.2143 0.3333 0.0952 0.3571
0.0476 0.0238 0.1429 0.7857
0.0476 0.0476 0.4524 0.4524
0.4048 0.0476 0.3571 0.1905
0.3333 0.3571 0.0476 0.2619
0.0476 0.5000 0.0238 0.4286
0.0714 0.8333 0.0714 0.0238
0.1905 0.1429 0.3333 0.3333
0.2381 0.6429 0.0238 0.0952
0.0238 0.0476 0.9048 0.0238
0.3333 0.4762 0.0238 0.1667

MOTIF filter17
letter-probability matrix: alength= 4 w= 24 nsites= 90
0.0426 0.0532 0.0319 0.8723
0.0106 0.1702 0.0745 0.7447
0.1064 0.3298 0.1064 0.4574
0.0426 0.2979 0.6064 0.0532
0.3191 0.0426 0.3085 0.3298
0.0319 0.0106 0.0745 0.8830
0.0426 0.0957 0.2979 0.5638
0.1170 0.2128 0.5319 0.1383
0.2766 0.2447 0.0213 0.4574
0.4468 0.0426 0.1915 0.3191
0.1915 0.0426 0.3085 0.4574
0.0426 0.1596 0.2234 0.5745
0.0213 0.6064 0.2660 0.1064
0.1170 0.1702 0.4362 0.2766
0.1596 0.1277 0.0638 0.6489
0.2979 0.0426 0.3723 0.2872
0.2660 0.0638 0.1064 0.5638
0.0319 0.3191 0.0532 0.5957
0.0426 0.3617 0.0532 0.5426
0.0213 0.3511 0.2872 0.3404
0.1702 0.0106 0.1489 0.6702
0.5000 0.0426 0.1277 0.3298
0.3085 0.3085 0.3191 0.0638
0.0426 0.5957 0.1170 0.2447

MOTIF filter18
letter-probability matrix: alength= 4 w= 24 nsites= 45
0.5510 0.2245 0.1633 0.0612
0.8367 0.1020 0.0204 0.0408
0.2041 0.3878 0.0612 0.3469
0.6122 0.0204 0.1837 0.1837
0.2653 0.1633 0.1633 0.4082
0.5102 0.1837 0.2041 0.1020
0.6122 0.0612 0.0204 0.3061
0.4694 0.1429 0.2449 0.1429
0.8980 0.0204 0.0408 0.0408
0.1224 0.4490 0.0612 0.3673
0.5102 0.0204 0.3673 0.1020
0.5306 0.0612 0.0816 0.3265
0.6122 0.0408 0.0816 0.2653
0.1429 0.0816 0.2449 0.5306
0.2245 0.3878 0.3061 0.0816
0.6122 0.1633 0.1633 0.0612
0.2857 0.3878 0.0204 0.3061
0.0816 0.0408 0.7755 0.1020
0.0816 0.1837 0.4286 0.3061
0.0204 0.7347 0.1837 0.0612
0.1429 0.2857 0.4082 0.1633
0.0408 0.4490 0.1020 0.4082
0.0612 0.1224 0.2653 0.5510
0.1224 0.4082 0.0816 0.3878

MOTIF filter19
letter-probability matrix: alength= 4 w= 24 nsites= 106
0.0636 0.3091 0.1182 0.5091
0.2909 0.3091 0.0909 0.3091
0.0455 0.2909 0.4182 0.2455
0.1545 0.0273 0.1545 0.6636
0.1364 0.2545 0.1000 0.5091
0.1545 0.2091 0.1182 0.5182
0.1000 0.0727 0.4818 0.3455
0.0364 0.0727 0.0182 0.8727
0.4455 0.2091 0.0818 0.2636
0.1273 0.0545 0.4000 0.4182
0.1182 0.0909 0.2091 0.5818
0.3545 0.1000 0.0818 0.4636
0.0364 0.4273 0.4909 0.0455
0.3455 0.0182 0.3909 0.2455
0.2455 0.2636 0.3000 0.1909
0.4636 0.0909 0.2455 0.2000
0.0909 0.0909 0.5545 0.2636
0.0455 0.0273 0.0364 0.8909
0.2182 0.1636 0.0091 0.6091
0.6727 0.0091 0.2455 0.0727
0.3545 0.2000 0.3455 0.1000
0.1182 0.0636 0.0273 0.7909
0.0364 0.2000 0.0545 0.7091
0.0273 0.1091 0.1727 0.6909

MOTIF filter20
letter-probability matrix: alength= 4 w= 24 nsites= 267
0.3801 0.0185 0.4797 0.1218
0.2177 0.0185 0.0443 0.7196
0.1365 0.1845 0.4280 0.2509
0.2509 0.1697 0.2325 0.3469
0.3395 0.2546 0.1365 0.2694
0.1292 0.4465 0.3985 0.0258
0.2804 0.0923 0.0886 0.5387
0.6273 0.0554 0.1550 0.1624
0.1993 0.2103 0.2472 0.3432
0.5424 0.0258 0.2952 0.1365
0.6015 0.0221 0.3100 0.0664
0.8007 0.0148 0.0923 0.0923
0.4170 0.0074 0.0849 0.4908
0.3838 0.2103 0.3801 0.0258
0.4982 0.1587 0.1624 0.1808
0.5572 0.0443 0.1661 0.2325
0.3911 0.2140 0.1919 0.2030
0.1845 0.0295 0.0037 0.7823
0.3321 0.1070 0.2325 0.3284
0.1181 0.2103 0.3579 0.3137
0.0517 0.0959 0.0406 0.8118
0.1292 0.2915 0.0959 0.4834
0.0517 0.1771 0.1845 0.5867
0.0295 0.0221 0.0074 0.9410

MOTIF filter21
letter-probability matrix: alength= 4 w= 24 nsites= 58
0.0968 0.3871 0.3871 0.1290
0.1452 0.4677 0.2419 0.1452
0.0484 0.0161 0.9032 0.0323
0.0484 0.1290 0.8065 0.0161
0.0968 0.4516 0.0323 0.4194
0.0323 0.8065 0.0484 0.1129
0.4839 0.1935 0.0323 0.2903
0.1774 0.5323 0.2258 0.0645
0.1290 0.0484 0.6935 0.1290
0.0806 0.0484 0.6613 0.2097
0.1774 0.0806 0.3387 0.4032
0.6452 0.0484 0.0806 0.2258
0.3226 0.0323 0.4194 0.2258
0.0484 0.7903 0.0484 0.1129
0.0161 0.5645 0.1129 0.3065
0.0484 0.0645 0.6129 0.2742
0.1613 0.0323 0.6129 0.1935
0.6129 0.0161 0.0968 0.2742
0.4839 0.1129 0.2419 0.1613
0.1935 0.5161 0.2258 0.0645
0.0645 0.4194 0.1613 0.3548
0.0323 0.8065 0.0484 0.1129
0.0161 0.4355 0.0806 0.4677
0.2581 0.0323 0.4677 0.2419

MOTIF filter22
letter-probability matrix: alength= 4 w= 24 nsites= 93
0.2062 0.1546 0.5773 0.0619
0.1546 0.2268 0.3299 0.2887
0.1649 0.0619 0.4639 0.3093
0.0722 0.5464 0.3608 0.0206
0.0722 0.0206 0.4536 0.4536
0.3608 0.4536 0.1134 0.0722
0.1237 0.2577 0.3402 0.2784
0.1443 0.1856 0.6082 0.0619
0.5258 0.0619 0.2165 0.1959
0.7423 0.0206 0.1959 0.0412
0.1959 0.1856 0.4330 0.1856
0.3608 0.1546 0.0825 0.4021
0.3299 0.0515 0.0515 0.5670
0.1856 0.3299 0.0412 0.4433
0.1546 0.0103 0.4948 0.3402
0.5361 0.2062 0.1340 0.1237
0.4330 0.1443 0.2577 0.1649
0.1856 0.0825 0.0103 0.7216
0.0412 0.4948 0.0309 0.4330
0.3093 0.0412 0.0309 0.6186
0.5567 0.3402 0.0412 0.0619
0.1546 0.0825 0.2680 0.4948
0.3299 0.5052 0.1237 0.0412
0.1443 0.5670 0.0515 0.2371

MOTIF filter23
letter-probability matrix: alength= 4 w= 24 nsites= 22
0.0769 0.6923 0.0385 0.1923
0.6923 0.2308 0.0385 0.0385
0.0385 0.0385 0.1154 0.8077
0.7692 0.0385 0.1154 0.0769
0.6923 0.0769 0.0385 0.1923
0.0385 0.2308 0.0769 0.6538
0.0385 0.2308 0.1538 0.5769
0.2308 0.2308 0.4615 0.0769
0.0769 0.1923 0.2308 0.5000
0.3462 0.0385 0.0385 0.5769
0.3462 0.1538 0.2692 0.2308
0.2308 0.3846 0.0769 0.3077
0.0385 0.2692 0.0385 0.6538
0.2692 0.0769 0.5000 0.1538
0.4231 0.1923 0.1538 0.2308
0.0769 0.3077 0.5385 0.0769
0.0385 0.1923 0.0385 0.7308
0.1538 0.1154 0.5000 0.2308
0.7308 0.1923 0.0385 0.0385
0.5000 0.2692 0.1923 0.0385
0.0385 0.5769 0.1154 0.2692
0.7692 0.0385 0.0385 0.1538
0.1538 0.4615 0.0385 0.3462
0.4231 0.1538 0.0385 0.3846

MOTIF filter24
letter-probability matrix: alength= 4 w= 24 nsites= 103
0.2897 0.0748 0.2150 0.4206
0.2336 0.3084 0.2804 0.1776
0.3645 0.5421 0.0748 0.0187
0.0935 0.3738 0.4486 0.0841
0.4206 0.3925 0.0280 0.1589
0.0187 0.2710 0.3832 0.3271
0.0187 0.1589 0.0374 0.7850
0.1402 0.1308 0.0841 0.6449
0.5888 0.1308 0.1963 0.0841
0.7009 0.1589 0.1308 0.0093
0.1963 0.2710 0.2804 0.2523
0.0374 0.2897 0.0748 0.5981
0.6168 0.0467 0.0841 0.2523
0.4019 0.0935 0.2150 0.2897
0.2056 0.0654 0.5327 0.1963
0.3551 0.0748 0.2710 0.2991
0.0748 0.5140 0.2056 0.2056
0.4393 0.2336 0.1776 0.1495
0.1682 0.2523 0.5421 0.0374
0.4206 0.1308 0.1589 0.2897
0.0935 0.7383 0.1402 0.0280
0.1682 0.0561 0.1308 0.6449
0.0187 0.1308 0.0748 0.7757
0.3271 0.1121 0.4112 0.1495

MOTIF filter25
letter-probability matrix: alength= 4 w= 24 nsites= 38
0.0714 0.4048 0.3571 0.1667
0.1190 0.1667 0.0714 0.6429
0.1429 0.0714 0.1190 0.6667
0.6905 0.1667 0.0476 0.0952
0.0952 0.1190 0.5476 0.2381
0.2381 0.1429 0.2619 0.3571
0.3810 0.4286 0.1429 0.0476
0.0952 0.0714 0.3571 0.4762
0.4762 0.0952 0.0476 0.3810
0.2857 0.5714 0.0238 0.1190
0.5952 0.0238 0.3571 0.0238
0.1190 0.0952 0.2381 0.5476
0.5714 0.0952 0.0952 0.2381
0.4762 0.2857 0.0238 0.2143
0.5476 0.2619 0.0714 0.1190
0.2619 0.0238 0.1905 0.5238
0.6190 0.0952 0.1190 0.1667
0.7619 0.0238 0.1905 0.0238
0.0476 0.1667 0.0476 0.7381
0.2381 0.2143 0.1667 0.3810
0.1429 0.2619 0.2857 0.3095
0.6190 0.0476 0.1667 0.1667
0.1667 0.3571 0.4286 0.0476
0.0476 0.2857 0.0238 0.6429

MOTIF filter26
letter-probability matrix: alength= 4 w= 24 nsites= 75
0.3544 0.2785 0.3418 0.0253
0.2152 0.2658 0.4937 0.0253
0.1646 0.2152 0.3038 0.3165
0.1139 0.6076 0.0506 0.2278
0.0759 0.1139 0.2911 0.5190
0.3671 0.4304 0.1013 0.1013
0.6582 0.2152 0.1139 0.0127
0.6835 0.2152 0.0759 0.0253
0.2152 0.0380 0.6203 0.1266
0.0886 0.0759 0.0380 0.7975
0.0633 0.1772 0.3671 0.3924
0.4304 0.0253 0.3671 0.1772
0.3038 0.3165 0.2658 0.1139
0.3418 0.3165 0.3291 0.0127
0.1519 0.3797 0.4430 0.0253
0.0380 0.2405 0.5949 0.1266
0.0506 0.4557 0.4177 0.0759
0.3671 0.2152 0.3671 0.0506
0.2152 0.3924 0.1013 0.2911
0.1646 0.3671 0.1772 0.2911
0.4684 0.4557 0.0127 0.0633
0.0506 0.3291 0.5063 0.1139
0.2532 0.0380 0.3038 0.4051
0.3418 0.5949 0.0127 0.0506

MOTIF filter27
letter-probability matrix: alength= 4 w= 24 nsites= 86
0.0889 0.0667 0.1667 0.6778
0.1333 0.0111 0.5889 0.2667
0.1556 0.6778 0.1222 0.0444
0.3667 0.3222 0.0444 0.2667
0.0778 0.0333 0.7889 0.1000
0.3778 0.0444 0.3556 0.2222
0.3556 0.0444 0.1222 0.4778
0.0667 0.0111 0.2889 0.6333
0.0111 0.2556 0.0667 0.6667
0.1556 0.1556 0.1889 0.5000
0.5444 0.1444 0.2556 0.0556
0.0778 0.4111 0.1222 0.3889
0.0222 0.0444 0.0222 0.9111
0.0444 0.2556 0.4667 0.2333
0.3111 0.3222 0.0333 0.3333
0.2222 0.1222 0.0333 0.6222
0.1889 0.1444 0.4333 0.2333
0.0667 0.4000 0.1000 0.4333
0.5889 0.0556 0.0333 0.3222
0.2111 0.0222 0.2778 0.4889
0.0111 0.1000 0.0222 0.8667
0.0111 0.1444 0.1778 0.6667
0.4778 0.1111 0.2222 0.1889
0.2000 0.2667 0.0111 0.5222

MOTIF filter28
letter-probability matrix: alength= 4 w= 24 nsites= 113
0.2479 0.2479 0.2735 0.2308
0.1538 0.3590 0.2137 0.2735
0.2906 0.0085 0.1709 0.5299
0.2137 0.4103 0.2991 0.0769
0.1624 0.5128 0.2222 0.1026
0.3932 0.2821 0.0256 0.2991
0.1197 0.4444 0.0342 0.4017
0.0342 0.6581 0.2991 0.0085
0.7778 0.0769 0.1197 0.0256
0.6068 0.0769 0.2137 0.1026
0.0513 0.2564 0.2308 0.4615
0.0085 0.3333 0.2564 0.4017
0.0085 0.4530 0.1709 0.3675
0.2051 0.0684 0.4701 0.2564
0.2564 0.0598 0.3333 0.3504
0.2650 0.0598 0.4017 0.2735
0.5214 0.0342 0.0598 0.3846
0.2051 0.1538 0.0769 0.5641
0.0342 0.3675 0.0598 0.5385
0.0085 0.6923 0.0684 0.2308
0.4103 0.2906 0.0598 0.2393
0.6325 0.0085 0.0342 0.3248
0.0427 0.4701 0.0256 0.4615
0.0085 0.1453 0.6068 0.2393

MOTIF filter29
letter-probability matrix: alength= 4 w= 24 nsites= 22
0.5385 0.1923 0.2308 0.0385
0.6538 0.2308 0.0385 0.0769
0.1923 0.0385 0.7308 0.0385
0.6538 0.1923 0.1154 0.0385
0.5769 0.0769 0.1538 0.1923
0.2692 0.0385 0.6538 0.0385
0.5000 0.2308 0.1538 0.1154
0.6154 0.2692 0.0769 0.0385
0.5000 0.0385 0.4231 0.0385
0.6923 0.1923 0.0385 0.0769
0.3846 0.3077 0.1538 0.1538
0.1154 0.0385 0.8077 0.0385
0.8462 0.0769 0.0385 0.0385
0.6923 0.0769 0.0769 0.1538
0.1154 0.0385 0.8077 0.0385
0.7308 0.0385 0.1923 0.0385
0.7308 0.1538 0.0385 0.0769
0.2308 0.0385 0.5769 0.1538
0.6923 0.1923 0.0769 0.0385
0.4615 0.0769 0.0385 0.4231
0.0385 0.0385 0.8846 0.0385
0.3077 0.3462 0.1154 0.2308
0.2308 0.3077 0.0385 0.4231
0.0769 0.0385 0.8077 0.0769

MOTIF filter30
letter-probability matrix: alength= 4 w= 24 nsites= 250
0.5551 0.0709 0.0236 0.3504
0.3976 0.0512 0.0315 0.5197
0.1654 0.0197 0.0276 0.7874
0.4803 0.0157 0.0748 0.4291
0.1220 0.1063 0.0354 0.7362
0.3819 0.0827 0.0236 0.5118
0.1969 0.0354 0.0079 0.7598
0.3583 0.1220 0.0984 0.4213
0.0669 0.1102 0.0118 0.8110
0.0472 0.0157 0.0039 0.9331
0.2323 0.0118 0.0079 0.7480
0.3031 0.0787 0.0315 0.5866
0.1299 0.0472 0.0354 0.7874
0.3504 0.0787 0.0394 0.5315
0.1102 0.0630 0.0276 0.7992
0.0079 0.0197 0.0039 0.9685
0.0866 0.0276 0.0118 0.8740
0.4606 0.0748 0.0197 0.4449
0.1024 0.0197 0.0039 0.8740
0.0157 0.0079 0.0039 0.9724
0.2992 0.0315 0.1063 0.5630
0.1299 0.1535 0.0394 0.6772
0.0787 0.0433 0.0827 0.7953
0.0945 0.0197 0.0118 0.8740

MOTIF filter31
letter-probability matrix: alength= 4 w= 24 nsites= 16
0.2000 0.4500 0.0500 0.3000
0.6000 0.1500 0.1000 0.1500
0.2000 0.1000 0.6000 0.1000
0.3000 0.2500 0.0500 0.4000
0.4500 0.2000 0.3000 0.0500
0.0500 0.0500 0.8500 0.0500
0.1000 0.8000 0.0500 0.0500
0.6000 0.0500 0.3000 0.0500
0.1500 0.2500 0.5500 0.0500
0.0500 0.3000 0.1500 0.5000
0.5500 0.0500 0.2500 0.1500
0.0500 0.0500 0.8000 0.1000
0.1000 0.5000 0.0500 0.3500
0.2000 0.2500 0.3500 0.2000
0.1500 0.2000 0.3000 0.3500
0.1500 0.5000 0.0500 0.3000
0.4000 0.2000 0.2500 0.1500
0.0500 0.1000 0.8000 0.0500
0.5500 0.2500 0.1000 0.1000
0.2000 0.0500 0.6000 0.1500
0.0500 0.0500 0.6500 0.2500
0.1000 0.7000 0.0500 0.1500
0.1500 0.0500 0.6000 0.2000
0.0500 0.0500 0.8000 0.1000

MOTIF filter32
letter-probability matrix: alength= 4 w= 24 nsites= 11
0.0667 0.0667 0.8000 0.0667
0.0667 0.2667 0.1333 0.5333
0.2000 0.4667 0.0667 0.2667
0.1333 0.0667 0.0667 0.7333
0.2667 0.2667 0.2667 0.2000
0.7333 0.0667 0.1333 0.0667
0.2000 0.0667 0.0667 0.6667
0.4667 0.2667 0.0667 0.2000
0.4667 0.2667 0.2000 0.0667
0.2000 0.2667 0.3333 0.2000
0.4667 0.1333 0.3333 0.0667
0.1333 0.2667 0.2000 0.4000
0.2000 0.0667 0.6000 0.1333
0.6667 0.1333 0.1333 0.0667
0.2000 0.2667 0.1333 0.4000
0.0667 0.4000 0.2000 0.3333
0.0667 0.1333 0.2000 0.6000
0.2667 0.0667 0.6000 0.0667
0.2000 0.4667 0.2667 0.0667
0.3333 0.2667 0.2667 0.1333
0.1333 0.4667 0.2000 0.2000
0.0667 0.2667 0.1333 0.5333
0.0667 0.0667 0.6667 0.2000
0.6667 0.1333 0.0667 0.1333

MOTIF filter33
letter-probability matrix: alength= 4 w= 24 nsites= 70
0.0676 0.0135 0.1081 0.8108
0.0946 0.4595 0.2838 0.1622
0.4730 0.0811 0.1351 0.3108
0.1892 0.4595 0.0135 0.3378
0.3243 0.1081 0.1757 0.3919
0.5135 0.1216 0.1622 0.2027
0.1486 0.0676 0.7703 0.0135
0.0135 0.3108 0.3243 0.3514
0.0405 0.4459 0.2297 0.2838
0.4189 0.2703 0.0270 0.2838
0.4865 0.0946 0.3378 0.0811
0.3243 0.0541 0.5541 0.0676
0.5000 0.2162 0.1486 0.1351
0.0270 0.5135 0.0676 0.3919
0.0270 0.4459 0.0676 0.4595
0.0811 0.3784 0.4054 0.1351
0.3919 0.4054 0.1622 0.0405
0.1351 0.1216 0.0811 0.6622
0.0541 0.1216 0.5270 0.2973
0.3784 0.1622 0.1486 0.3108
0.0811 0.2027 0.5946 0.1216
0.1622 0.3378 0.3514 0.1486
0.0135 0.1351 0.3378 0.5135
0.0270 0.3649 0.1081 0.5000

MOTIF filter34
letter-probability matrix: alength= 4 w= 24 nsites= 207
0.0853 0.0332 0.2938 0.5877
0.5782 0.1043 0.1564 0.1611
0.3839 0.1043 0.0237 0.4882
0.4645 0.0142 0.1422 0.3791
0.1611 0.1659 0.1754 0.4976
0.9431 0.0379 0.0095 0.0095
0.0379 0.1469 0.3555 0.4597
0.6682 0.1090 0.1896 0.0332
0.3365 0.1659 0.0379 0.4597
0.5592 0.0806 0.0900 0.2701
0.0332 0.2512 0.0806 0.6351
0.8720 0.0142 0.0806 0.0332
0.1327 0.2986 0.0427 0.5261
0.8626 0.0427 0.0806 0.0142
0.3791 0.1611 0.0616 0.3981
0.8815 0.0521 0.0237 0.0427
0.0616 0.1090 0.2417 0.5877
0.7583 0.0664 0.1280 0.0474
0.1896 0.0758 0.1659 0.5687
0.6588 0.1564 0.0332 0.1517
0.2559 0.0853 0.0853 0.5735
0.8389 0.0664 0.0616 0.0332
0.0047 0.0332 0.2749 0.6872
0.9005 0.0474 0.0379 0.0142

MOTIF filter35
letter-probability matrix: alength= 4 w= 24 nsites= 45
0.0612 0.2041 0.3878 0.3469
0.2041 0.6531 0.0816 0.0612
0.2245 0.4490 0.0612 0.2653
0.3061 0.2245 0.3061 0.1633
0.0816 0.6122 0.1837 0.1224
0.3673 0.0612 0.0204 0.5510
0.4898 0.0204 0.4286 0.0612
0.6735 0.0816 0.0204 0.2245
0.5102 0.0204 0.3061 0.1633
0.1224 0.4286 0.2449 0.2041
0.8367 0.1020 0.0204 0.0408
0.3265 0.0612 0.0204 0.5918
0.6122 0.0408 0.3061 0.0408
0.5918 0.0612 0.2653 0.0816
0.7959 0.0204 0.1429 0.0408
0.5306 0.1837 0.0204 0.2653
0.7143 0.0408 0.2041 0.0408
0.3469 0.2449 0.1633 0.2449
0.2449 0.1020 0.4898 0.1633
0.2857 0.0612 0.0408 0.6122
0.7551 0.0408 0.0204 0.1837
0.0816 0.3878 0.1224 0.4082
0.3469 0.0612 0.0408 0.5510
0.3061 0.0408 0.3469 0.3061

MOTIF filter36
letter-probability matrix: alength= 4 w= 24 nsites= 54
0.5172 0.1034 0.2241 0.1552
0.3276 0.4655 0.0172 0.1897
0.2931 0.1897 0.2241 0.2931
0.6897 0.0690 0.1897 0.0517
0.2759 0.2414 0.2759 0.2069
0.2586 0.2069 0.1379 0.3966
0.2069 0.1034 0.1724 0.5172
0.3966 0.3103 0.1552 0.1379
0.5000 0.0862 0.1379 0.2759
0.6207 0.0690 0.1897 0.1207
0.9310 0.0345 0.0172 0.0172
0.2241 0.3448 0.0862 0.3448
0.1207 0.3793 0.3448 0.1552
0.5690 0.0690 0.3448 0.0172
0.0517 0.6724 0.0517 0.2241
0.0172 0.0690 0.0172 0.8966
0.4655 0.0172 0.2414 0.2759
0.6897 0.0690 0.0517 0.1897
0.0345 0.1207 0.0172 0.8276
0.1724 0.1897 0.1034 0.5345
0.3793 0.3966 0.2069 0.0172
0.0862 0.4138 0.1724 0.3276
0.0172 0.7586 0.0172 0.2069
0.5690 0.0517 0.3276 0.0517

MOTIF filter37
letter-probability matrix: alength= 4 w= 24 nsites= 60
0.1250 0.2031 0.0156 0.6562
0.2344 0.3281 0.3594 0.0781
0.3125 0.4531 0.2188 0.0156
0.0156 0.3438 0.6094 0.0312
0.1406 0.6875 0.1250 0.0469
0.1250 0.5938 0.1406 0.1406
0.5000 0.1875 0.2344 0.0781
0.1562 0.4844 0.0469 0.3125
0.4219 0.0469 0.5000 0.0312
0.2031 0.0781 0.4688 0.2500
0.2500 0.2500 0.2344 0.2656
0.1875 0.0469 0.6094 0.1562
0.6250 0.0469 0.0312 0.2969
0.5000 0.2031 0.2031 0.0938
0.1094 0.0469 0.0781 0.7656
0.1094 0.7031 0.0781 0.1094
0.1406 0.0312 0.3750 0.4531
0.5938 0.0469 0.0781 0.2812
0.6875 0.0625 0.2188 0.0312
0.2656 0.4375 0.1406 0.1562
0.0312 0.5000 0.1875 0.2812
0.3125 0.5469 0.0781 0.0625
0.0781 0.3750 0.4688 0.0781
0.1250 0.0312 0.5469 0.2969

MOTIF filter38
letter-probability matrix: alength= 4 w= 24 nsites= 43
0.1277 0.0638 0.6596 0.1489
0.3830 0.0426 0.3830 0.1915
0.6596 0.1702 0.1277 0.0426
0.1702 0.0426 0.0213 0.7660
0.3404 0.0213 0.2553 0.3830
0.2553 0.0426 0.5319 0.1702
0.5745 0.0638 0.1702 0.1915
0.6809 0.0851 0.0638 0.1702
0.2553 0.0426 0.6170 0.0851
0.2128 0.2766 0.4468 0.0638
0.4468 0.0213 0.3191 0.2128
0.0638 0.0213 0.2979 0.6170
0.7021 0.1915 0.0426 0.0638
0.3404 0.3830 0.0213 0.2553
0.1915 0.3617 0.2128 0.2340
0.1064 0.2340 0.1277 0.5319
0.9362 0.0213 0.0213 0.0213
0.0213 0.1489 0.0213 0.8085
0.6383 0.0638 0.0426 0.2553
0.1277 0.0638 0.4043 0.4043
0.6383 0.0426 0.2553 0.0638
0.3617 0.0213 0.0213 0.5957
0.3617 0.0213 0.4468 0.1702
0.4043 0.1489 0.1915 0.2553

MOTIF filter39
letter-probability matrix: alength= 4 w= 24 nsites= 95
0.6263 0.0404 0.2727 0.0606
0.1515 0.4040 0.3737 0.0707
0.0505 0.1616 0.4242 0.3636
0.0505 0.1212 0.0404 0.7879
0.0707 0.3131 0.1616 0.4545
0.1111 0.0202 0.7576 0.1111
0.3232 0.2222 0.1313 0.3232
0.1111 0.2525 0.1414 0.4949
0.3535 0.1313 0.3939 0.1212
0.0202 0.0303 0.5455 0.4040
0.0404 0.0909 0.0808 0.7879
0.4343 0.1515 0.1010 0.3131
0.1515 0.2020 0.6263 0.0202
0.0404 0.2222 0.5556 0.1818
0.0909 0.4141 0.3939 0.1010
0.2929 0.2626 0.3535 0.0909
0.3434 0.2525 0.2323 0.1717
0.2121 0.5152 0.0909 0.1818
0.2525 0.0303 0.4444 0.2727
0.4242 0.4949 0.0404 0.0404
0.0202 0.5758 0.3737 0.0303
0.0808 0.3939 0.2727 0.2525
0.3131 0.1212 0.1818 0.3838
0.0707 0.4949 0.0909 0.3434

