MEME version 4

ALPHABET= ACGT

Background letter frequencies:
A 0.3102 C 0.1913 G 0.1904 T 0.3081

MOTIF filter0
letter-probability matrix: alength= 4 w= 24 nsites= 38
0.2619 0.4048 0.1667 0.1667
0.3810 0.0238 0.2143 0.3810
0.2381 0.2143 0.3333 0.2143
0.1429 0.4048 0.0238 0.4286
0.4762 0.1667 0.2143 0.1429
0.2619 0.0952 0.0952 0.5476
0.3571 0.0476 0.2143 0.3810
0.0714 0.3333 0.1905 0.4048
0.5000 0.0238 0.3095 0.1667
0.0238 0.3095 0.1429 0.5238
0.0952 0.4048 0.0238 0.4762
0.4286 0.2857 0.0238 0.2619
0.5476 0.0476 0.0476 0.3571
0.0238 0.8571 0.0238 0.0952
0.0238 0.3095 0.0714 0.5952
0.0952 0.0476 0.0952 0.7619
0.0714 0.0238 0.5476 0.3571
0.0238 0.9286 0.0238 0.0238
0.0952 0.0952 0.7381 0.0714
0.4524 0.0476 0.2381 0.2619
0.1905 0.2381 0.4762 0.0952
0.1667 0.6905 0.0238 0.1190
0.7619 0.0714 0.0714 0.0952
0.1667 0.0238 0.1905 0.6190

MOTIF filter1
letter-probability matrix: alength= 4 w= 24 nsites= 147
0.0596 0.1126 0.2119 0.6159
0.2781 0.1921 0.0927 0.4371
0.4702 0.2517 0.2384 0.0397
0.5960 0.0927 0.1987 0.1126
0.3113 0.4636 0.1391 0.0861
0.6291 0.1854 0.0464 0.1391
0.1192 0.4901 0.3775 0.0132
0.0132 0.0132 0.8278 0.1457
0.2450 0.4305 0.2185 0.1060
0.1722 0.1391 0.2450 0.4437
0.3046 0.0530 0.4106 0.2318
0.2053 0.2252 0.1656 0.4040
0.6093 0.2318 0.0132 0.1457
0.5298 0.4040 0.0397 0.0265
0.0066 0.0132 0.5960 0.3841
0.2053 0.3907 0.2185 0.1854
0.0464 0.1391 0.3841 0.4305
0.1457 0.4702 0.1457 0.2384
0.0265 0.2053 0.0132 0.7550
0.1126 0.2715 0.0728 0.5430
0.7483 0.0331 0.1391 0.0795
0.4305 0.1523 0.1192 0.2980
0.0132 0.4305 0.0464 0.5099
0.0132 0.4834 0.0199 0.4834

MOTIF filter2
letter-probability matrix: alength= 4 w= 24 nsites= 457
0.3037 0.0933 0.1258 0.4772
0.0065 0.4121 0.0456 0.5358
0.4143 0.2343 0.0456 0.3059
0.0022 0.7202 0.0304 0.2473
0.2646 0.0586 0.1345 0.5423
0.0043 0.0629 0.0477 0.8850
0.3644 0.1020 0.0390 0.4946
0.0824 0.2777 0.0325 0.6074
0.1670 0.0499 0.0911 0.6920
0.0456 0.0629 0.0759 0.8156
0.2842 0.0434 0.0716 0.6009
0.0130 0.1735 0.0477 0.7657
0.0803 0.1866 0.0022 0.7310
0.0824 0.1800 0.1258 0.6117
0.1518 0.0759 0.0022 0.7701
0.1280 0.0586 0.0217 0.7918
0.0174 0.1475 0.0390 0.7961
0.0347 0.0434 0.0456 0.8764
0.1562 0.0087 0.0152 0.8200
0.0152 0.1367 0.0043 0.8438
0.0065 0.1041 0.0065 0.8829
0.1757 0.0022 0.0065 0.8156
0.0087 0.0087 0.1453 0.8373
0.1562 0.1844 0.0347 0.6247

MOTIF filter3
letter-probability matrix: alength= 4 w= 24 nsites= 97
0.4950 0.2772 0.0297 0.1980
0.2079 0.0495 0.7327 0.0099
0.0990 0.0792 0.4158 0.4059
0.0792 0.0297 0.7228 0.1683
0.1188 0.5842 0.2376 0.0594
0.0495 0.0594 0.8812 0.0099
0.3366 0.4950 0.0594 0.1089
0.1386 0.5050 0.0594 0.2970
0.2178 0.0594 0.6931 0.0297
0.0297 0.5743 0.1188 0.2772
0.1089 0.1683 0.6139 0.1089
0.3366 0.1980 0.1287 0.3366
0.7129 0.0891 0.0594 0.1386
0.2277 0.5941 0.0198 0.1584
0.0990 0.1386 0.2079 0.5545
0.2277 0.1386 0.2376 0.3960
0.3663 0.0891 0.1089 0.4356
0.3168 0.2376 0.1980 0.2475
0.0594 0.0693 0.2970 0.5743
0.0198 0.2178 0.4653 0.2970
0.3069 0.2277 0.0693 0.3960
0.0693 0.1881 0.1485 0.5941
0.2376 0.0693 0.3465 0.3465
0.4455 0.2871 0.0594 0.2079

MOTIF filter4
letter-probability matrix: alength= 4 w= 24 nsites= 97
0.0792 0.5248 0.1188 0.2772
0.0099 0.2178 0.0495 0.7228
0.1089 0.0693 0.5743 0.2475
0.0297 0.5644 0.2079 0.1980
0.0891 0.1386 0.0792 0.6931
0.0396 0.0792 0.8416 0.0396
0.1683 0.3663 0.1386 0.3267
0.0792 0.0792 0.0198 0.8218
0.2178 0.0099 0.7624 0.0099
0.2277 0.2871 0.3663 0.1188
0.3762 0.3069 0.0297 0.2871
0.1089 0.0792 0.7921 0.0198
0.3762 0.4752 0.0792 0.0693
0.3663 0.1089 0.1089 0.4158
0.1089 0.0099 0.8614 0.0198
0.2673 0.4752 0.2475 0.0099
0.4653 0.1386 0.0099 0.3861
0.2871 0.0099 0.6931 0.0099
0.6040 0.1683 0.0594 0.1683
0.5347 0.2277 0.0396 0.1980
0.3366 0.0099 0.6337 0.0198
0.4158 0.5248 0.0495 0.0099
0.3861 0.0297 0.0198 0.5644
0.1584 0.0297 0.6832 0.1287

MOTIF filter5
letter-probability matrix: alength= 4 w= 24 nsites= 17
0.2381 0.0952 0.5238 0.1429
0.2381 0.2857 0.4286 0.0476
0.2857 0.4286 0.1429 0.1429
0.0476 0.0952 0.6667 0.1905
0.6190 0.0476 0.0476 0.2857
0.7143 0.0476 0.1429 0.0952
0.8095 0.0476 0.0952 0.0476
0.1905 0.6190 0.1429 0.0476
0.0476 0.1429 0.6190 0.1905
0.3810 0.4762 0.0476 0.0952
0.0952 0.1429 0.0952 0.6667
0.3333 0.3333 0.1905 0.1429
0.1905 0.1429 0.5238 0.1429
0.0952 0.0952 0.3333 0.4762
0.1429 0.4286 0.0476 0.3810
0.2857 0.1429 0.2381 0.3333
0.5238 0.1429 0.1429 0.1905
0.7619 0.0476 0.0476 0.1429
0.7619 0.0952 0.0476 0.0952
0.2381 0.0476 0.6667 0.0476
0.4286 0.0476 0.2381 0.2857
0.3333 0.5238 0.0476 0.0952
0.2857 0.2381 0.1429 0.3333
0.1905 0.2857 0.4286 0.0952

MOTIF filter6
letter-probability matrix: alength= 4 w= 24 nsites= 259
0.0684 0.0380 0.1749 0.7186
0.3384 0.2662 0.1331 0.2624
0.5057 0.2738 0.1369 0.0837
0.1179 0.0304 0.1597 0.6920
0.2776 0.1293 0.0266 0.5665
0.6844 0.1863 0.1027 0.0266
0.1027 0.0913 0.0114 0.7947
0.1255 0.0342 0.0456 0.7947
0.2510 0.3156 0.1445 0.2890
0.4335 0.2852 0.0456 0.2357
0.1065 0.0532 0.1331 0.7072
0.3726 0.3802 0.1369 0.1103
0.3726 0.0304 0.0760 0.5209
0.0114 0.0228 0.0152 0.9506
0.4411 0.3498 0.1749 0.0342
0.0722 0.3232 0.0913 0.5133
0.0190 0.0076 0.0342 0.9392
0.2357 0.3270 0.1483 0.2890
0.1673 0.4715 0.1103 0.2510
0.4487 0.2015 0.1521 0.1977
0.0038 0.2738 0.0228 0.6996
0.1673 0.3118 0.2357 0.2852
0.0570 0.0418 0.0380 0.8631
0.3954 0.1369 0.2586 0.2091

MOTIF filter7
letter-probability matrix: alength= 4 w= 24 nsites= 121
0.6320 0.2240 0.0320 0.1120
0.2080 0.0320 0.0560 0.7040
0.0880 0.0960 0.6240 0.1920
0.6320 0.0240 0.3360 0.0080
0.0720 0.3200 0.0080 0.6000
0.6960 0.0880 0.1920 0.0240
0.1520 0.0960 0.6720 0.0800
0.4880 0.0160 0.0720 0.4240
0.3040 0.2320 0.0720 0.3920
0.4080 0.0240 0.4720 0.0960
0.2240 0.1200 0.3520 0.3040
0.1200 0.0160 0.0160 0.8480
0.2160 0.0240 0.1520 0.6080
0.1120 0.4640 0.2480 0.1760
0.1200 0.6640 0.0160 0.2000
0.0480 0.0560 0.1200 0.7760
0.1760 0.3680 0.1120 0.3440
0.3280 0.3280 0.1280 0.2160
0.1280 0.2000 0.0160 0.6560
0.2160 0.4880 0.2400 0.0560
0.4240 0.2080 0.2160 0.1520
0.3680 0.0880 0.0160 0.5280
0.2480 0.3760 0.0960 0.2800
0.2240 0.1600 0.5600 0.0560

MOTIF filter8
letter-probability matrix: alength= 4 w= 24 nsites= 163
0.2395 0.0359 0.4491 0.2754
0.2515 0.2395 0.2036 0.3054
0.1497 0.4371 0.1856 0.2275
0.0180 0.4012 0.0180 0.5629
0.2575 0.0659 0.0599 0.6168
0.7665 0.1317 0.0599 0.0419
0.4790 0.1437 0.2216 0.1557
0.6647 0.0359 0.1617 0.1377
0.5449 0.2096 0.1257 0.1198
0.2695 0.1078 0.3353 0.2874
0.1198 0.0719 0.0958 0.7126
0.3413 0.0419 0.1198 0.4970
0.2994 0.4491 0.1916 0.0599
0.1617 0.3832 0.3952 0.0599
0.2635 0.0778 0.4311 0.2275
0.1138 0.5808 0.0599 0.2455
0.0599 0.1497 0.0180 0.7725
0.0479 0.0240 0.1198 0.8084
0.7126 0.2515 0.0180 0.0180
0.1437 0.6168 0.1557 0.0838
0.0060 0.4431 0.3353 0.2156
0.3413 0.2934 0.1317 0.2335
0.6287 0.1976 0.1198 0.0539
0.2156 0.4251 0.1257 0.2335

MOTIF filter9
letter-probability matrix: alength= 4 w= 24 nsites= 104
0.2963 0.1574 0.1019 0.4444
0.1111 0.0648 0.0278 0.7963
0.1111 0.2130 0.3426 0.3333
0.2037 0.0556 0.7037 0.0370
0.2593 0.1759 0.5278 0.0370
0.3611 0.0463 0.1667 0.4259
0.1759 0.3611 0.3889 0.0741
0.0463 0.7963 0.1111 0.0463
0.1296 0.0833 0.1111 0.6759
0.4815 0.0278 0.0741 0.4167
0.6296 0.0741 0.1944 0.1019
0.6019 0.0093 0.3796 0.0093
0.6019 0.0278 0.2963 0.0741
0.6204 0.0648 0.2593 0.0556
0.4630 0.1574 0.2870 0.0926
0.1111 0.0278 0.7407 0.1204
0.2037 0.4537 0.1019 0.2407
0.2685 0.0370 0.3241 0.3704
0.4444 0.2500 0.2778 0.0278
0.4444 0.0278 0.2315 0.2963
0.1296 0.7685 0.0278 0.0741
0.6296 0.0463 0.2500 0.0741
0.3981 0.3241 0.2222 0.0556
0.1574 0.1389 0.1574 0.5463

MOTIF filter10
letter-probability matrix: alength= 4 w= 24 nsites= 78
0.2561 0.0732 0.4146 0.2561
0.3659 0.4756 0.0122 0.1463
0.5976 0.2561 0.0976 0.0488
0.3537 0.1707 0.1829 0.2927
0.0854 0.1220 0.6585 0.1341
0.3902 0.0732 0.3537 0.1829
0.4756 0.0732 0.3171 0.1341
0.8902 0.0488 0.0488 0.0122
0.8415 0.0244 0.1220 0.0122
0.9146 0.0122 0.0610 0.0122
0.8902 0.0488 0.0122 0.0488
0.4024 0.0488 0.4512 0.0976
0.3659 0.0366 0.5244 0.0732
0.3415 0.4390 0.2073 0.0122
0.4390 0.0854 0.2317 0.2439
0.3537 0.0488 0.5854 0.0122
0.2561 0.2927 0.0244 0.4268
0.9024 0.0122 0.0366 0.0488
0.0488 0.0976 0.6829 0.1707
0.3171 0.4634 0.1829 0.0366
0.4024 0.0244 0.2927 0.2805
0.1829 0.1463 0.3902 0.2805
0.2439 0.3171 0.2927 0.1463
0.2805 0.5976 0.0854 0.0366

MOTIF filter11
letter-probability matrix: alength= 4 w= 24 nsites= 283
0.1742 0.0592 0.5157 0.2509
0.4564 0.1185 0.1080 0.3171
0.1777 0.4355 0.0557 0.3310
0.5366 0.2648 0.1847 0.0139
0.6307 0.1533 0.0209 0.1951
0.4704 0.2021 0.0139 0.3136
0.2300 0.0906 0.6690 0.0105
0.2718 0.0279 0.0348 0.6655
0.7003 0.0732 0.1045 0.1220
0.1045 0.0139 0.6760 0.2056
0.7805 0.1115 0.0732 0.0348
0.6446 0.1045 0.1812 0.0697
0.2056 0.0697 0.6864 0.0383
0.4739 0.0174 0.3206 0.1882
0.2230 0.1359 0.4843 0.1568
0.1916 0.0070 0.4774 0.3240
0.3206 0.1150 0.1568 0.4077
0.2613 0.4181 0.2509 0.0697
0.3972 0.2822 0.1951 0.1254
0.9373 0.0035 0.0244 0.0348
0.1394 0.2683 0.1289 0.4634
0.5889 0.0035 0.3868 0.0209
0.1812 0.2787 0.1812 0.3589
0.2997 0.3031 0.1498 0.2474

MOTIF filter12
letter-probability matrix: alength= 4 w= 24 nsites= 78
0.6098 0.0732 0.1220 0.1951
0.4024 0.0976 0.1341 0.3659
0.0122 0.2927 0.6463 0.0488
0.8171 0.0610 0.0244 0.0976
0.4756 0.1585 0.0732 0.2927
0.0610 0.6829 0.2439 0.0122
0.7561 0.1098 0.0122 0.1220
0.5000 0.0122 0.0488 0.4390
0.1707 0.2073 0.4756 0.1463
0.3902 0.0244 0.0366 0.5488
0.2195 0.0488 0.3415 0.3902
0.4878 0.2561 0.0732 0.1829
0.2927 0.0854 0.1707 0.4512
0.1341 0.0366 0.3659 0.4634
0.1098 0.3780 0.3659 0.1463
0.1220 0.0244 0.0122 0.8415
0.0610 0.0122 0.1707 0.7561
0.0122 0.4512 0.2439 0.2927
0.1220 0.0244 0.0366 0.8171
0.1220 0.0244 0.0610 0.7927
0.0122 0.6098 0.2439 0.1341
0.1829 0.0732 0.0366 0.7073
0.3293 0.0244 0.0732 0.5732
0.0244 0.5122 0.3293 0.1341

MOTIF filter13
letter-probability matrix: alength= 4 w= 24 nsites= 72
0.0789 0.6974 0.1842 0.0395
0.6184 0.1447 0.0132 0.2237
0.1184 0.1974 0.1711 0.5132
0.1184 0.4342 0.1053 0.3421
0.0132 0.0658 0.0395 0.8816
0.0132 0.1184 0.1579 0.7105
0.0132 0.5395 0.0395 0.4079
0.0921 0.0263 0.0132 0.8684
0.0658 0.1711 0.0263 0.7368
0.0132 0.3947 0.0263 0.5658
0.0132 0.5000 0.1579 0.3289
0.0395 0.5000 0.2895 0.1711
0.2500 0.2895 0.1974 0.2632
0.3421 0.2105 0.2500 0.1974
0.0395 0.7500 0.1184 0.0921
0.4474 0.0789 0.0263 0.4474
0.0789 0.5000 0.0921 0.3289
0.0132 0.2500 0.0132 0.7237
0.0789 0.0789 0.0921 0.7500
0.0263 0.0395 0.0132 0.9211
0.0132 0.2237 0.4211 0.3421
0.3421 0.2500 0.0658 0.3421
0.1711 0.1579 0.1184 0.5526
0.3289 0.2632 0.2763 0.1316

MOTIF filter14
letter-probability matrix: alength= 4 w= 24 nsites= 88
0.6087 0.0652 0.0761 0.2500
0.5652 0.0761 0.2065 0.1522
0.2717 0.1848 0.2935 0.2500
0.1848 0.4457 0.3587 0.0109
0.1522 0.1304 0.6087 0.1087
0.0543 0.1848 0.0217 0.7391
0.0543 0.1848 0.1413 0.6196
0.5761 0.0543 0.1087 0.2609
0.7609 0.0326 0.1087 0.0978
0.3043 0.0870 0.5435 0.0652
0.4348 0.1413 0.2065 0.2174
0.0761 0.0652 0.8478 0.0109
0.3696 0.0435 0.3478 0.2391
0.0543 0.1304 0.1413 0.6739
0.9022 0.0217 0.0652 0.0109
0.4022 0.0217 0.0870 0.4891
0.3152 0.0109 0.4130 0.2609
0.3913 0.1522 0.0870 0.3696
0.1196 0.1304 0.0543 0.6957
0.0543 0.0109 0.2391 0.6957
0.2826 0.5652 0.0326 0.1196
0.0326 0.0217 0.1848 0.7609
0.0326 0.5000 0.2283 0.2391
0.2717 0.0435 0.5000 0.1848

MOTIF filter15
letter-probability matrix: alength= 4 w= 24 nsites= 74
0.1026 0.3333 0.3846 0.1795
0.2692 0.0769 0.5128 0.1410
0.8205 0.0641 0.0769 0.0385
0.4231 0.1154 0.4487 0.0128
0.0128 0.4487 0.0385 0.5000
0.0385 0.0513 0.5256 0.3846
0.6154 0.0385 0.0769 0.2692
0.8718 0.0256 0.0897 0.0128
0.7308 0.2051 0.0256 0.0385
0.1923 0.3590 0.1538 0.2949
0.4744 0.3590 0.1410 0.0256
0.2949 0.3077 0.2179 0.1795
0.2051 0.1795 0.5256 0.0897
0.1282 0.6154 0.0897 0.1667
0.1667 0.2564 0.2436 0.3333
0.0641 0.0641 0.2564 0.6154
0.5769 0.0641 0.3205 0.0385
0.6667 0.0897 0.1795 0.0641
0.0897 0.0513 0.2949 0.5641
0.5513 0.3205 0.0256 0.1026
0.1923 0.4744 0.0513 0.2821
0.2692 0.2949 0.2051 0.2308
0.0641 0.0769 0.1154 0.7436
0.4359 0.0897 0.1154 0.3590

MOTIF filter16
letter-probability matrix: alength= 4 w= 24 nsites= 55
0.6102 0.0169 0.1186 0.2542
0.2881 0.0169 0.6610 0.0339
0.5593 0.1525 0.1525 0.1356
0.1864 0.0339 0.7119 0.0678
0.4068 0.2373 0.2542 0.1017
0.1356 0.7797 0.0169 0.0678
0.3390 0.0339 0.6102 0.0169
0.1356 0.5085 0.3051 0.0508
0.1864 0.1525 0.0169 0.6441
0.3898 0.1017 0.1695 0.3390
0.3220 0.0678 0.5254 0.0847
0.1695 0.3898 0.1356 0.3051
0.0678 0.1525 0.2542 0.5254
0.2203 0.0678 0.6610 0.0508
0.3729 0.1864 0.4237 0.0169
0.5424 0.0339 0.3220 0.1017
0.1356 0.1356 0.7119 0.0169
0.1525 0.3390 0.0847 0.4237
0.1525 0.1017 0.7119 0.0339
0.4915 0.1356 0.2373 0.1356
0.0847 0.4576 0.0169 0.4407
0.3220 0.0508 0.1864 0.4407
0.1356 0.2034 0.5932 0.0678
0.1356 0.3390 0.1186 0.4068

MOTIF filter17
letter-probability matrix: alength= 4 w= 24 nsites= 190
0.1031 0.2216 0.1443 0.5309
0.4691 0.0619 0.1443 0.3247
0.6598 0.1340 0.1289 0.0773
0.2732 0.0361 0.2165 0.4742
0.0155 0.5000 0.0825 0.4021
0.8299 0.1289 0.0206 0.0206
0.0928 0.2010 0.0464 0.6598
0.0876 0.0052 0.1031 0.8041
0.5361 0.0567 0.0464 0.3608
0.6959 0.0258 0.2010 0.0773
0.0361 0.3041 0.1289 0.5309
0.8454 0.0464 0.0515 0.0567
0.2732 0.1392 0.0103 0.5773
0.5412 0.0876 0.0464 0.3247
0.5619 0.0103 0.0773 0.3505
0.0825 0.0258 0.2216 0.6701
0.5052 0.0876 0.1082 0.2990
0.0103 0.5361 0.0722 0.3814
0.6082 0.0361 0.3093 0.0464
0.5155 0.3041 0.1186 0.0619
0.0722 0.0103 0.2423 0.6753
0.5773 0.1186 0.0258 0.2784
0.1753 0.3351 0.2423 0.2474
0.1753 0.2010 0.3299 0.2938

MOTIF filter18
letter-probability matrix: alength= 4 w= 24 nsites= 192
0.1633 0.0714 0.0102 0.7551
0.7143 0.1429 0.0918 0.0510
0.5153 0.3622 0.0816 0.0408
0.2194 0.0102 0.0306 0.7398
0.0561 0.0969 0.4235 0.4235
0.4235 0.0306 0.0969 0.4490
0.0765 0.0663 0.2806 0.5765
0.0918 0.3316 0.0051 0.5714
0.6633 0.0153 0.2194 0.1020
0.3724 0.0357 0.1939 0.3980
0.6939 0.0510 0.0714 0.1837
0.4337 0.4949 0.0612 0.0102
0.5816 0.0714 0.0357 0.3112
0.1378 0.1020 0.0816 0.6786
0.8827 0.0204 0.0459 0.0510
0.4643 0.2551 0.2653 0.0153
0.1224 0.4235 0.1888 0.2653
0.5000 0.3010 0.0357 0.1633
0.3214 0.2041 0.3214 0.1531
0.6429 0.0867 0.1378 0.1327
0.3469 0.2449 0.1480 0.2602
0.4235 0.0306 0.5000 0.0459
0.1327 0.0408 0.0714 0.7551
0.2704 0.0459 0.3469 0.3367

MOTIF filter19
letter-probability matrix: alength= 4 w= 24 nsites= 127
0.3511 0.4046 0.0382 0.2061
0.4962 0.0916 0.2977 0.1145
0.7023 0.2443 0.0458 0.0076
0.2519 0.1832 0.2595 0.3053
0.7176 0.0840 0.1679 0.0305
0.2977 0.0305 0.0076 0.6641
0.7099 0.0458 0.1756 0.0687
0.3893 0.0229 0.0763 0.5115
0.8321 0.1527 0.0076 0.0076
0.2137 0.0305 0.1527 0.6031
0.5115 0.0611 0.1374 0.2901
0.2061 0.0076 0.0687 0.7176
0.7863 0.0229 0.0992 0.0916
0.3130 0.2748 0.0840 0.3282
0.5954 0.1603 0.1527 0.0916
0.0229 0.1756 0.1221 0.6794
0.3359 0.3664 0.0076 0.2901
0.0229 0.3130 0.0534 0.6107
0.2137 0.3053 0.0076 0.4733
0.0153 0.0305 0.0992 0.8550
0.1145 0.0076 0.0382 0.8397
0.0076 0.0458 0.0840 0.8626
0.1603 0.0153 0.0763 0.7481
0.0687 0.2443 0.0382 0.6489

MOTIF filter20
letter-probability matrix: alength= 4 w= 24 nsites= 100
0.0288 0.1058 0.3750 0.4904
0.1154 0.3558 0.5000 0.0288
0.2885 0.3462 0.0769 0.2885
0.5385 0.0192 0.0769 0.3654
0.2500 0.3269 0.2212 0.2019
0.7596 0.0673 0.0769 0.0962
0.1538 0.3462 0.4808 0.0192
0.2788 0.3173 0.3077 0.0962
0.2019 0.2788 0.0096 0.5096
0.3750 0.0962 0.3365 0.1923
0.1731 0.7212 0.0481 0.0577
0.4231 0.0673 0.0192 0.4904
0.0865 0.2308 0.6538 0.0288
0.0385 0.0962 0.2019 0.6635
0.3365 0.2692 0.3846 0.0096
0.2885 0.0962 0.4423 0.1731
0.1731 0.5096 0.2596 0.0577
0.3654 0.0769 0.4904 0.0673
0.0865 0.2212 0.4519 0.2404
0.0288 0.0096 0.0577 0.9038
0.7115 0.0385 0.1635 0.0865
0.2115 0.4712 0.0481 0.2692
0.3654 0.2596 0.3077 0.0673
0.0096 0.0769 0.9038 0.0096

MOTIF filter21
letter-probability matrix: alength= 4 w= 24 nsites= 125
0.0930 0.4186 0.0078 0.4806
0.0078 0.7674 0.0155 0.2093
0.1240 0.2248 0.1938 0.4574
0.2016 0.2248 0.2791 0.2946
0.5349 0.1240 0.1860 0.1550
0.0310 0.0698 0.1938 0.7054
0.0078 0.2713 0.0078 0.7132
0.0620 0.0155 0.3566 0.5659
0.3023 0.5271 0.0078 0.1628
0.3566 0.1008 0.4341 0.1085
0.2403 0.0775 0.3178 0.3643
0.2093 0.4806 0.1628 0.1473
0.0155 0.2636 0.1705 0.5504
0.3333 0.3566 0.0543 0.2558
0.1473 0.0233 0.3566 0.4729
0.0310 0.2403 0.0310 0.6977
0.0155 0.0155 0.0930 0.8760
0.5736 0.1938 0.0465 0.1860
0.4574 0.2171 0.1085 0.2171
0.0310 0.4109 0.2248 0.3333
0.0698 0.3023 0.0388 0.5891
0.0388 0.1008 0.5581 0.3023
0.2946 0.5659 0.0078 0.1318
0.1008 0.1085 0.1860 0.6047

MOTIF filter22
letter-probability matrix: alength= 4 w= 24 nsites= 125
0.1240 0.4109 0.2636 0.2016
0.1240 0.6512 0.0775 0.1473
0.3566 0.0310 0.0698 0.5426
0.4651 0.3101 0.2171 0.0078
0.6512 0.0155 0.2946 0.0388
0.1938 0.6977 0.0775 0.0310
0.0465 0.6279 0.1085 0.2171
0.0775 0.6899 0.0930 0.1395
0.1473 0.2171 0.0388 0.5969
0.1240 0.0233 0.5504 0.3023
0.1395 0.0543 0.1008 0.7054
0.2171 0.2713 0.0388 0.4729
0.2248 0.0465 0.5039 0.2248
0.1938 0.1938 0.0155 0.5969
0.1318 0.4109 0.2326 0.2248
0.2868 0.4109 0.0155 0.2868
0.2868 0.1550 0.3178 0.2403
0.0775 0.0233 0.2713 0.6279
0.0310 0.4419 0.3178 0.2093
0.4574 0.0620 0.3643 0.1163
0.1783 0.3721 0.3411 0.1085
0.0698 0.1318 0.0310 0.7674
0.0620 0.7209 0.0930 0.1240
0.0775 0.0078 0.7752 0.1395

MOTIF filter23
letter-probability matrix: alength= 4 w= 24 nsites= 42
0.0217 0.8913 0.0435 0.0435
0.0870 0.0435 0.1739 0.6957
0.8043 0.0435 0.0435 0.1087
0.2826 0.3478 0.1739 0.1957
0.2826 0.1522 0.1087 0.4565
0.1087 0.1957 0.2826 0.4130
0.2826 0.3478 0.0652 0.3043
0.0217 0.7174 0.0435 0.2174
0.2391 0.1304 0.3043 0.3261
0.4783 0.0652 0.4348 0.0217
0.0870 0.4565 0.1304 0.3261
0.0652 0.2174 0.0217 0.6957
0.1739 0.4348 0.0217 0.3696
0.1304 0.1304 0.3043 0.4348
0.0652 0.4565 0.0652 0.4130
0.3043 0.5000 0.0435 0.1522
0.0435 0.0652 0.1087 0.7826
0.0217 0.8043 0.0652 0.1087
0.0870 0.0652 0.0435 0.8043
0.1304 0.3043 0.0870 0.4783
0.1739 0.0217 0.0652 0.7391
0.0870 0.3696 0.1087 0.4348
0.0217 0.3913 0.0652 0.5217
0.1087 0.1739 0.0870 0.6304

MOTIF filter24
letter-probability matrix: alength= 4 w= 24 nsites= 88
0.1304 0.2283 0.5000 0.1413
0.2174 0.1413 0.2935 0.3478
0.1413 0.2826 0.0326 0.5435
0.1522 0.2826 0.1739 0.3913
0.0652 0.0109 0.6739 0.2500
0.6739 0.0217 0.2065 0.0978
0.3696 0.2935 0.0870 0.2500
0.0326 0.6304 0.0761 0.2609
0.1957 0.0543 0.1304 0.6196
0.8043 0.0217 0.0435 0.1304
0.6087 0.2609 0.0543 0.0761
0.0543 0.4239 0.4457 0.0761
0.5217 0.0326 0.3370 0.1087
0.3913 0.1413 0.2717 0.1957
0.1087 0.6087 0.0978 0.1848
0.0761 0.2609 0.1739 0.4891
0.0435 0.0761 0.0435 0.8370
0.1522 0.2283 0.5435 0.0761
0.3804 0.0217 0.4457 0.1522
0.2283 0.1522 0.2174 0.4022
0.0761 0.0326 0.0761 0.8152
0.0652 0.4565 0.0870 0.3913
0.2609 0.3804 0.2717 0.0870
0.2065 0.4348 0.0978 0.2609

MOTIF filter25
letter-probability matrix: alength= 4 w= 24 nsites= 44
0.0833 0.1875 0.0833 0.6458
0.1667 0.2292 0.5833 0.0208
0.0625 0.0417 0.7292 0.1667
0.2292 0.0208 0.5000 0.2500
0.7083 0.0833 0.0417 0.1667
0.6667 0.0417 0.1458 0.1458
0.7500 0.1458 0.0625 0.0417
0.4375 0.1042 0.4375 0.0208
0.8958 0.0208 0.0417 0.0417
0.1875 0.1875 0.5000 0.1250
0.0417 0.1250 0.0417 0.7917
0.5833 0.2708 0.1250 0.0208
0.5625 0.0208 0.3958 0.0208
0.1042 0.1458 0.6458 0.1042
0.4375 0.0625 0.0417 0.4583
0.1458 0.1042 0.0417 0.7083
0.3333 0.0208 0.5625 0.0833
0.7083 0.1042 0.0625 0.1250
0.4792 0.3750 0.0833 0.0625
0.6250 0.1667 0.0208 0.1875
0.7708 0.1667 0.0208 0.0417
0.0833 0.1042 0.7292 0.0833
0.5833 0.0208 0.0208 0.3750
0.3542 0.5208 0.1042 0.0208

MOTIF filter26
letter-probability matrix: alength= 4 w= 24 nsites= 276
0.0036 0.2393 0.0893 0.6679
0.0536 0.3357 0.0786 0.5321
0.5464 0.1464 0.0893 0.2179
0.2250 0.2607 0.2143 0.3000
0.0071 0.0143 0.1000 0.8786
0.2500 0.3786 0.0679 0.3036
0.0750 0.0464 0.4571 0.4214
0.0714 0.6429 0.0393 0.2464
0.0429 0.2857 0.0429 0.6286
0.1143 0.1071 0.0893 0.6893
0.6500 0.0036 0.3286 0.0179
0.2500 0.1393 0.5143 0.0964
0.0071 0.4821 0.1071 0.4036
0.3214 0.2679 0.0857 0.3250
0.2071 0.1036 0.2036 0.4857
0.1179 0.4250 0.1643 0.2929
0.1429 0.1214 0.3036 0.4321
0.7964 0.0357 0.0250 0.1429
0.0821 0.0464 0.3321 0.5393
0.1893 0.2250 0.0357 0.5500
0.2321 0.1536 0.5786 0.0357
0.1393 0.3071 0.3893 0.1643
0.2393 0.2071 0.2857 0.2679
0.2036 0.0786 0.0786 0.6393

MOTIF filter27
letter-probability matrix: alength= 4 w= 24 nsites= 35
0.3077 0.1538 0.2308 0.3077
0.0513 0.0256 0.8974 0.0256
0.4359 0.4872 0.0256 0.0513
0.6923 0.1282 0.0256 0.1538
0.1538 0.0769 0.4615 0.3077
0.0256 0.7179 0.1795 0.0769
0.5385 0.1282 0.1795 0.1538
0.1538 0.0256 0.7692 0.0513
0.0256 0.5641 0.0513 0.3590
0.0769 0.1795 0.1538 0.5897
0.3077 0.0256 0.5385 0.1282
0.2308 0.6154 0.0256 0.1282
0.3333 0.0513 0.0769 0.5385
0.0256 0.0256 0.7436 0.2051
0.2564 0.5385 0.0513 0.1538
0.3077 0.4359 0.1026 0.1538
0.2308 0.1795 0.4615 0.1282
0.2051 0.4872 0.2308 0.0769
0.1026 0.0256 0.1282 0.7436
0.0513 0.0256 0.7949 0.1282
0.0256 0.6410 0.1026 0.2308
0.1282 0.1795 0.2051 0.4872
0.2308 0.0256 0.7179 0.0256
0.2564 0.6410 0.0769 0.0256

MOTIF filter28
letter-probability matrix: alength= 4 w= 24 nsites= 19
0.3913 0.0435 0.0870 0.4783
0.3043 0.1739 0.1739 0.3478
0.0870 0.1739 0.6957 0.0435
0.5217 0.2174 0.2174 0.0435
0.0870 0.1304 0.5217 0.2609
0.5217 0.1739 0.2609 0.0435
0.8696 0.0435 0.0435 0.0435
0.3913 0.1739 0.0435 0.3913
0.1304 0.0435 0.7826 0.0435
0.1304 0.6522 0.1739 0.0435
0.0435 0.6957 0.2174 0.0435
0.4783 0.2174 0.2609 0.0435
0.2609 0.0435 0.0435 0.6522
0.0870 0.1304 0.2174 0.5652
0.4783 0.0870 0.0870 0.3478
0.8261 0.0435 0.0870 0.0435
0.3043 0.0870 0.4783 0.1304
0.3913 0.0870 0.4783 0.0435
0.5652 0.1304 0.1739 0.1304
0.3043 0.3043 0.2609 0.1304
0.0435 0.1739 0.6957 0.0870
0.7391 0.0435 0.1739 0.0435
0.2174 0.5217 0.0870 0.1739
0.6957 0.1304 0.0870 0.0870

MOTIF filter29
letter-probability matrix: alength= 4 w= 24 nsites= 168
0.0291 0.0174 0.1744 0.7791
0.1802 0.2209 0.0523 0.5465
0.2558 0.3547 0.0291 0.3605
0.1105 0.1105 0.2674 0.5116
0.0465 0.1570 0.0349 0.7616
0.0291 0.3081 0.0174 0.6453
0.2558 0.0581 0.2965 0.3895
0.3430 0.1570 0.2965 0.2035
0.1686 0.3779 0.3721 0.0814
0.4593 0.2558 0.1919 0.0930
0.0640 0.0988 0.6337 0.2035
0.0349 0.0698 0.1453 0.7500
0.0291 0.7035 0.0814 0.1860
0.0814 0.0349 0.3547 0.5291
0.1395 0.0233 0.1279 0.7093
0.2093 0.0407 0.1453 0.6047
0.1570 0.3837 0.1105 0.3488
0.2267 0.1802 0.2791 0.3140
0.1047 0.0116 0.1047 0.7791
0.1279 0.3779 0.1512 0.3430
0.4419 0.3314 0.1802 0.0465
0.0407 0.1453 0.0291 0.7849
0.0174 0.0058 0.1047 0.8721
0.0465 0.0698 0.2558 0.6279

MOTIF filter30
letter-probability matrix: alength= 4 w= 24 nsites= 229
0.7167 0.0901 0.0515 0.1416
0.2275 0.1116 0.0129 0.6481
0.1459 0.0043 0.0129 0.8369
0.2618 0.0258 0.0215 0.6910
0.3262 0.0944 0.0043 0.5751
0.3906 0.0558 0.0086 0.5451
0.2661 0.0043 0.0172 0.7124
0.5193 0.0730 0.0300 0.3777
0.2532 0.0129 0.0086 0.7253
0.5451 0.0343 0.0343 0.3863
0.3906 0.0215 0.0644 0.5236
0.0429 0.0172 0.0129 0.9270
0.7382 0.0644 0.0172 0.1803
0.0215 0.0043 0.0086 0.9657
0.9571 0.0129 0.0043 0.0258
0.0644 0.0129 0.0086 0.9142
0.9099 0.0258 0.0129 0.0515
0.0258 0.0086 0.0043 0.9614
0.7554 0.0129 0.0172 0.2146
0.1330 0.0129 0.0172 0.8369
0.6996 0.0343 0.0043 0.2618
0.3691 0.0601 0.0043 0.5665
0.4034 0.0129 0.0215 0.5622
0.6738 0.0644 0.0043 0.2575

MOTIF filter31
letter-probability matrix: alength= 4 w= 24 nsites= 148
0.6579 0.1513 0.0987 0.0921
0.2039 0.2105 0.5197 0.0658
0.2697 0.3553 0.2237 0.1513
0.4342 0.0526 0.2763 0.2368
0.1382 0.2039 0.2500 0.4079
0.0855 0.2895 0.5658 0.0592
0.5461 0.2632 0.1776 0.0132
0.2171 0.6184 0.0658 0.0987
0.5132 0.0395 0.0395 0.4079
0.8355 0.0592 0.0461 0.0592
0.6711 0.0526 0.0921 0.1842
0.7039 0.1118 0.1382 0.0461
0.3553 0.0197 0.6184 0.0066
0.2303 0.2368 0.3092 0.2237
0.0395 0.1842 0.6645 0.1118
0.1118 0.2829 0.0263 0.5789
0.2632 0.0526 0.5132 0.1711
0.3092 0.1184 0.3289 0.2434
0.1447 0.3421 0.4934 0.0197
0.3947 0.0461 0.5263 0.0329
0.3421 0.3421 0.2697 0.0461
0.1447 0.2171 0.0197 0.6184
0.0395 0.5592 0.0526 0.3487
0.5987 0.1645 0.0461 0.1908

MOTIF filter32
letter-probability matrix: alength= 4 w= 24 nsites= 122
0.4921 0.0635 0.0079 0.4365
0.0238 0.6667 0.0556 0.2540
0.3889 0.0873 0.1349 0.3889
0.0476 0.5794 0.0476 0.3254
0.0317 0.5635 0.0317 0.3730
0.0714 0.0159 0.5238 0.3889
0.1032 0.4286 0.0159 0.4524
0.1508 0.2937 0.1429 0.4127
0.5317 0.0476 0.1667 0.2540
0.1111 0.6270 0.0952 0.1667
0.0317 0.5635 0.2698 0.1349
0.3810 0.0238 0.2937 0.3016
0.0556 0.4365 0.0556 0.4524
0.1190 0.4524 0.3333 0.0952
0.0635 0.1508 0.7460 0.0397
0.6270 0.0476 0.0079 0.3175
0.0159 0.0873 0.4683 0.4286
0.1825 0.0397 0.7381 0.0397
0.6984 0.0079 0.0317 0.2619
0.5000 0.0556 0.1429 0.3016
0.4524 0.3175 0.1111 0.1190
0.4127 0.2302 0.0317 0.3254
0.4841 0.1825 0.2302 0.1032
0.2063 0.3016 0.1429 0.3492

MOTIF filter33
letter-probability matrix: alength= 4 w= 24 nsites= 160
0.1402 0.1220 0.3232 0.4146
0.2195 0.0488 0.7256 0.0061
0.0427 0.1402 0.6707 0.1463
0.0183 0.0793 0.6402 0.2622
0.2866 0.2683 0.2073 0.2378
0.1220 0.0061 0.8293 0.0427
0.1037 0.0244 0.1098 0.7622
0.0244 0.1524 0.4878 0.3354
0.0610 0.2195 0.6402 0.0793
0.1707 0.0671 0.2378 0.5244
0.1707 0.2012 0.4329 0.1951
0.0305 0.3537 0.0366 0.5793
0.0122 0.0305 0.6890 0.2683
0.0244 0.1585 0.3902 0.4268
0.0366 0.1220 0.7622 0.0793
0.1646 0.4085 0.3049 0.1220
0.0854 0.1524 0.5854 0.1768
0.3293 0.2073 0.1890 0.2744
0.0122 0.2683 0.3841 0.3354
0.0305 0.1951 0.4573 0.3171
0.1037 0.0305 0.8537 0.0122
0.1341 0.0610 0.7866 0.0183
0.0976 0.0549 0.3293 0.5183
0.1768 0.3293 0.2927 0.2012

MOTIF filter34
letter-probability matrix: alength= 4 w= 24 nsites= 369
0.9303 0.0027 0.0349 0.0322
0.2332 0.2842 0.0161 0.4665
0.7239 0.0107 0.0322 0.2332
0.1984 0.1635 0.0402 0.5979
0.4987 0.1743 0.2949 0.0322
0.1635 0.1072 0.0188 0.7105
0.7802 0.0134 0.0188 0.1877
0.0536 0.0912 0.1448 0.7105
0.7453 0.0402 0.0268 0.1877
0.1769 0.2038 0.0027 0.6166
0.5282 0.0322 0.1850 0.2547
0.2976 0.1501 0.1796 0.3727
0.4987 0.0214 0.0885 0.3914
0.1448 0.0804 0.0107 0.7641
0.5335 0.0161 0.3887 0.0617
0.1609 0.1099 0.0241 0.7051
0.4504 0.0992 0.3351 0.1153
0.3217 0.0617 0.0965 0.5201
0.5121 0.1769 0.0375 0.2735
0.6408 0.1046 0.2252 0.0295
0.1930 0.0965 0.0268 0.6836
0.9330 0.0322 0.0241 0.0107
0.1233 0.1903 0.0938 0.5925
0.8338 0.0456 0.0456 0.0751

MOTIF filter35
letter-probability matrix: alength= 4 w= 24 nsites= 172
0.0909 0.1989 0.1989 0.5114
0.0511 0.4318 0.1420 0.3750
0.3295 0.0455 0.5966 0.0284
0.1705 0.0852 0.7386 0.0057
0.3977 0.0398 0.2045 0.3580
0.0284 0.4261 0.4943 0.0511
0.2557 0.2330 0.2273 0.2841
0.3693 0.1250 0.1080 0.3977
0.5739 0.0057 0.3750 0.0455
0.3239 0.0284 0.6080 0.0398
0.3693 0.2045 0.3409 0.0852
0.0568 0.0568 0.6364 0.2500
0.0341 0.8182 0.1023 0.0455
0.2045 0.2955 0.4432 0.0568
0.0341 0.2727 0.5227 0.1705
0.3466 0.3409 0.1250 0.1875
0.2670 0.1648 0.3977 0.1705
0.0909 0.3125 0.5227 0.0739
0.4091 0.1989 0.2784 0.1136
0.6136 0.1705 0.0284 0.1875
0.0852 0.1307 0.4148 0.3693
0.0739 0.4148 0.2386 0.2727
0.0398 0.3239 0.5966 0.0398
0.0398 0.4261 0.3011 0.2330

MOTIF filter36
letter-probability matrix: alength= 4 w= 24 nsites= 50
0.1852 0.1296 0.2222 0.4630
0.0370 0.0926 0.7593 0.1111
0.5741 0.2407 0.1481 0.0370
0.2778 0.2963 0.1111 0.3148
0.7407 0.1852 0.0370 0.0370
0.5741 0.0370 0.2593 0.1296
0.0185 0.2593 0.0370 0.6852
0.6296 0.1296 0.1481 0.0926
0.4815 0.1667 0.2963 0.0556
0.0185 0.0185 0.7407 0.2222
0.1111 0.3148 0.0185 0.5556
0.6296 0.2778 0.0370 0.0556
0.7222 0.0741 0.1111 0.0926
0.4630 0.4444 0.0370 0.0556
0.2778 0.0370 0.2593 0.4259
0.3704 0.5741 0.0185 0.0370
0.2037 0.0185 0.7593 0.0185
0.3148 0.4074 0.0370 0.2407
0.7593 0.0185 0.1481 0.0741
0.5370 0.2407 0.0370 0.1852
0.5185 0.1296 0.0185 0.3333
0.6296 0.2037 0.0556 0.1111
0.6667 0.0185 0.0926 0.2222
0.4815 0.2407 0.2593 0.0185

MOTIF filter37
letter-probability matrix: alength= 4 w= 24 nsites= 122
0.4206 0.1667 0.1429 0.2698
0.0794 0.0397 0.4921 0.3889
0.2857 0.4048 0.2222 0.0873
0.4286 0.0873 0.1429 0.3413
0.1429 0.0794 0.5159 0.2619
0.6667 0.0238 0.2857 0.0238
0.3254 0.1667 0.0317 0.4762
0.1825 0.2540 0.1667 0.3968
0.2143 0.0476 0.2222 0.5159
0.1508 0.4444 0.3016 0.1032
0.3413 0.0556 0.5873 0.0159
0.3730 0.0397 0.5476 0.0397
0.2143 0.0397 0.6429 0.1032
0.0079 0.1349 0.0159 0.8413
0.0635 0.5159 0.0238 0.3968
0.6349 0.0238 0.1905 0.1508
0.5397 0.1032 0.2063 0.1508
0.6032 0.1508 0.2302 0.0159
0.1190 0.7222 0.1111 0.0476
0.0079 0.3175 0.6190 0.0556
0.0952 0.5873 0.2619 0.0556
0.1984 0.1746 0.3254 0.3016
0.2063 0.2460 0.0317 0.5159
0.1349 0.1270 0.1270 0.6111

MOTIF filter38
letter-probability matrix: alength= 4 w= 24 nsites= 59
0.4286 0.0159 0.0635 0.4921
0.4127 0.0794 0.2063 0.3016
0.1270 0.3810 0.3492 0.1429
0.0317 0.2698 0.4286 0.2698
0.1429 0.4921 0.0794 0.2857
0.1587 0.3810 0.1746 0.2857
0.0635 0.0317 0.5238 0.3810
0.0794 0.1905 0.6825 0.0476
0.3968 0.2063 0.2063 0.1905
0.0159 0.7143 0.0159 0.2540
0.0635 0.0159 0.0317 0.8889
0.3175 0.3968 0.2381 0.0476
0.3016 0.1746 0.4762 0.0476
0.4444 0.2222 0.2222 0.1111
0.0159 0.2063 0.3968 0.3810
0.1746 0.1270 0.6508 0.0476
0.0476 0.0476 0.8571 0.0476
0.3492 0.0317 0.2381 0.3810
0.0794 0.4762 0.2063 0.2381
0.1429 0.1746 0.2381 0.4444
0.1111 0.2222 0.6349 0.0317
0.2540 0.4127 0.2698 0.0635
0.4762 0.2857 0.0794 0.1587
0.0952 0.0952 0.6984 0.1111

MOTIF filter39
letter-probability matrix: alength= 4 w= 24 nsites= 92
0.0521 0.2083 0.0208 0.7188
0.8542 0.0625 0.0417 0.0417
0.0729 0.1354 0.0104 0.7812
0.7812 0.0625 0.0417 0.1146
0.0729 0.0833 0.0417 0.8021
0.7708 0.0208 0.1250 0.0833
0.0625 0.3125 0.0625 0.5625
0.8229 0.0104 0.0104 0.1562
0.2083 0.0521 0.0312 0.7083
0.7708 0.0417 0.1562 0.0312
0.0833 0.0938 0.0312 0.7917
0.6458 0.0104 0.3021 0.0417
0.1562 0.1562 0.0208 0.6667
0.8750 0.0312 0.0833 0.0104
0.2708 0.2708 0.0208 0.4375
0.3854 0.0208 0.5625 0.0312
0.2083 0.0521 0.1458 0.5938
0.7812 0.0729 0.0312 0.1146
0.2500 0.2917 0.1146 0.3438
0.8438 0.1146 0.0312 0.0104
0.3750 0.1250 0.1458 0.3542
0.2396 0.0312 0.6875 0.0417
0.5625 0.0729 0.0104 0.3542
0.6354 0.0417 0.0104 0.3125

MOTIF filter40
letter-probability matrix: alength= 4 w= 24 nsites= 157
0.7391 0.0124 0.0497 0.1988
0.3292 0.2112 0.1739 0.2857
0.8758 0.0497 0.0435 0.0311
0.1677 0.0497 0.2547 0.5280
0.2919 0.3665 0.0932 0.2484
0.3665 0.0683 0.0745 0.4907
0.5776 0.0807 0.1366 0.2050
0.1988 0.0186 0.0373 0.7453
0.4534 0.0124 0.3354 0.1988
0.0559 0.0745 0.0124 0.8571
0.7516 0.1739 0.0435 0.0311
0.1242 0.0497 0.1988 0.6273
0.4720 0.2422 0.0124 0.2733
0.4534 0.1677 0.2919 0.0870
0.2112 0.0435 0.0373 0.7081
0.7453 0.1366 0.0435 0.0745
0.3851 0.0683 0.0311 0.5155
0.5155 0.0186 0.0311 0.4348
0.3043 0.4907 0.0807 0.1242
0.4720 0.1242 0.3478 0.0559
0.0932 0.0559 0.4596 0.3913
0.8571 0.0745 0.0124 0.0559
0.1739 0.0062 0.0186 0.8012
0.5652 0.0932 0.2857 0.0559

MOTIF filter41
letter-probability matrix: alength= 4 w= 24 nsites= 24
0.1786 0.5000 0.1786 0.1429
0.3214 0.0357 0.0714 0.5714
0.0714 0.7143 0.0357 0.1786
0.1429 0.5714 0.1429 0.1429
0.3571 0.1071 0.3571 0.1786
0.2500 0.5357 0.1071 0.1071
0.2143 0.0714 0.6071 0.1071
0.7500 0.0714 0.0714 0.1071
0.5000 0.0714 0.0714 0.3571
0.2143 0.1786 0.5357 0.0714
0.2857 0.1786 0.3929 0.1429
0.5714 0.3571 0.0357 0.0357
0.1429 0.1786 0.0714 0.6071
0.2500 0.6429 0.0714 0.0357
0.7857 0.0714 0.1071 0.0357
0.2500 0.3929 0.3214 0.0357
0.3571 0.0357 0.5357 0.0714
0.7500 0.0714 0.1429 0.0357
0.8214 0.0357 0.1071 0.0357
0.3929 0.1071 0.0357 0.4643
0.8214 0.0714 0.0357 0.0714
0.1429 0.5714 0.0714 0.2143
0.3571 0.1429 0.0357 0.4643
0.0357 0.3929 0.1071 0.4643

MOTIF filter42
letter-probability matrix: alength= 4 w= 24 nsites= 187
0.2356 0.1361 0.0785 0.5497
0.0366 0.0785 0.2356 0.6492
0.0314 0.0314 0.2565 0.6806
0.1466 0.1047 0.2880 0.4607
0.0157 0.3979 0.0471 0.5393
0.2251 0.0209 0.0890 0.6649
0.0105 0.3560 0.0628 0.5707
0.0314 0.1466 0.0890 0.7330
0.0576 0.1780 0.1152 0.6492
0.1571 0.0890 0.2880 0.4660
0.0733 0.0785 0.1937 0.6545
0.0576 0.1257 0.0576 0.7592
0.3613 0.4346 0.0576 0.1466
0.0157 0.0576 0.0366 0.8901
0.5602 0.1257 0.0576 0.2565
0.3246 0.0838 0.4869 0.1047
0.1780 0.5497 0.0785 0.1937
0.1152 0.2408 0.1257 0.5183
0.1361 0.2094 0.2199 0.4346
0.2827 0.1309 0.5654 0.0209
0.0105 0.0942 0.0314 0.8639
0.0524 0.5445 0.0890 0.3141
0.3246 0.0471 0.4607 0.1675
0.0262 0.0157 0.1518 0.8063

MOTIF filter43
letter-probability matrix: alength= 4 w= 24 nsites= 84
0.0568 0.2614 0.5000 0.1818
0.2273 0.6023 0.0682 0.1023
0.0227 0.0227 0.2727 0.6818
0.0227 0.0227 0.8068 0.1477
0.1818 0.4659 0.3068 0.0455
0.4545 0.0795 0.3523 0.1136
0.0341 0.1705 0.1364 0.6591
0.1136 0.2045 0.3523 0.3295
0.8295 0.0227 0.1250 0.0227
0.0114 0.2614 0.3409 0.3864
0.5227 0.1932 0.0795 0.2045
0.6136 0.2045 0.1364 0.0455
0.3864 0.1250 0.0455 0.4432
0.5114 0.4318 0.0227 0.0341
0.1591 0.0227 0.6364 0.1818
0.2045 0.7500 0.0227 0.0227
0.5227 0.3750 0.0795 0.0227
0.2273 0.2614 0.1591 0.3523
0.5114 0.0455 0.2386 0.2045
0.7386 0.0114 0.1023 0.1477
0.6591 0.1364 0.0568 0.1477
0.4432 0.2500 0.1818 0.1250
0.1818 0.0682 0.6932 0.0568
0.5455 0.0568 0.3523 0.0455

MOTIF filter44
letter-probability matrix: alength= 4 w= 24 nsites= 111
0.1826 0.0087 0.0261 0.7826
0.2348 0.0435 0.1826 0.5391
0.9217 0.0261 0.0261 0.0261
0.1652 0.1304 0.0522 0.6522
0.4696 0.3130 0.0174 0.2000
0.5739 0.1304 0.0435 0.2522
0.2957 0.0261 0.0087 0.6696
0.8870 0.0348 0.0435 0.0348
0.5739 0.1478 0.0174 0.2609
0.1913 0.0522 0.0087 0.7478
0.0348 0.1304 0.0174 0.8174
0.4783 0.1130 0.1043 0.3043
0.8522 0.0348 0.0261 0.0870
0.4696 0.0696 0.1826 0.2783
0.3130 0.3826 0.0348 0.2696
0.4435 0.1739 0.1217 0.2609
0.1304 0.1130 0.0174 0.7391
0.0348 0.0261 0.0957 0.8435
0.8783 0.0348 0.0783 0.0087
0.4696 0.1304 0.0783 0.3217
0.5130 0.0087 0.1130 0.3652
0.5652 0.1826 0.0609 0.1913
0.2522 0.0261 0.4087 0.3130
0.3565 0.3043 0.0261 0.3130

MOTIF filter45
letter-probability matrix: alength= 4 w= 24 nsites= 257
0.2146 0.0115 0.6590 0.1149
0.0345 0.4751 0.2107 0.2797
0.2031 0.4291 0.2720 0.0958
0.4215 0.0843 0.4291 0.0651
0.3372 0.4253 0.2107 0.0268
0.5019 0.0230 0.3295 0.1456
0.0651 0.0345 0.8889 0.0115
0.4598 0.2797 0.2222 0.0383
0.3908 0.1533 0.3448 0.1111
0.2835 0.2682 0.2567 0.1916
0.0805 0.8276 0.0805 0.0115
0.1839 0.1494 0.3487 0.3180
0.2950 0.2107 0.3870 0.1073
0.3027 0.1034 0.3448 0.2490
0.3218 0.3755 0.0153 0.2874
0.0460 0.1073 0.4368 0.4100
0.1303 0.4713 0.3333 0.0651
0.6207 0.2222 0.1073 0.0498
0.0077 0.4291 0.4598 0.1034
0.1226 0.1571 0.1686 0.5517
0.8123 0.1494 0.0268 0.0115
0.0958 0.3678 0.2874 0.2490
0.0613 0.3602 0.1379 0.4406
0.3908 0.1954 0.3563 0.0575

MOTIF filter46
letter-probability matrix: alength= 4 w= 24 nsites= 92
0.1354 0.3229 0.2708 0.2708
0.5521 0.3438 0.0938 0.0104
0.0312 0.0104 0.8125 0.1458
0.0833 0.5521 0.1042 0.2604
0.3438 0.1250 0.4688 0.0625
0.1979 0.1250 0.1667 0.5104
0.0104 0.5312 0.0833 0.3750
0.1875 0.3333 0.4688 0.0104
0.0625 0.0104 0.8438 0.0833
0.1562 0.5208 0.0417 0.2812
0.2083 0.3333 0.0104 0.4479
0.0104 0.5312 0.1562 0.3021
0.4583 0.0208 0.4271 0.0938
0.1667 0.3750 0.4062 0.0521
0.2188 0.6354 0.0521 0.0938
0.0208 0.3333 0.2188 0.4271
0.0625 0.1354 0.0938 0.7083
0.2292 0.3542 0.3229 0.0938
0.2396 0.5833 0.1146 0.0625
0.3750 0.0625 0.1667 0.3958
0.0312 0.1562 0.4792 0.3333
0.5521 0.0833 0.1146 0.2500
0.0417 0.1562 0.2708 0.5312
0.0312 0.5104 0.3542 0.1042

MOTIF filter47
letter-probability matrix: alength= 4 w= 24 nsites= 93
0.0928 0.0515 0.1753 0.6804
0.0722 0.0103 0.0103 0.9072
0.0206 0.0619 0.0412 0.8763
0.0412 0.0206 0.0722 0.8660
0.0825 0.1340 0.0309 0.7526
0.1134 0.0928 0.0619 0.7320
0.5258 0.0515 0.0412 0.3814
0.2474 0.1134 0.1237 0.5155
0.3608 0.1856 0.1237 0.3299
0.2165 0.5773 0.1134 0.0928
0.1649 0.4845 0.2062 0.1443
0.2474 0.1959 0.2062 0.3505
0.0928 0.3918 0.1134 0.4021
0.0619 0.0206 0.5464 0.3711
0.4330 0.3299 0.1856 0.0515
0.0515 0.7113 0.1237 0.1134
0.0206 0.0825 0.0722 0.8247
0.4742 0.2371 0.1237 0.1649
0.0619 0.0825 0.4845 0.3711
0.1237 0.4639 0.0825 0.3299
0.0619 0.1134 0.0515 0.7732
0.4330 0.1959 0.0412 0.3299
0.3196 0.3505 0.0928 0.2371
0.0412 0.0412 0.3093 0.6082

MOTIF filter48
letter-probability matrix: alength= 4 w= 24 nsites= 49
0.0377 0.0377 0.8491 0.0755
0.0943 0.8302 0.0189 0.0566
0.3962 0.1132 0.4528 0.0377
0.5283 0.0566 0.3585 0.0566
0.2264 0.3208 0.0377 0.4151
0.3396 0.2642 0.3208 0.0755
0.3774 0.0943 0.5094 0.0189
0.4528 0.3019 0.1698 0.0755
0.2453 0.2453 0.3774 0.1321
0.2075 0.3208 0.3208 0.1509
0.0566 0.2642 0.5472 0.1321
0.4151 0.0377 0.0377 0.5094
0.1887 0.1509 0.4528 0.2075
0.2830 0.3962 0.1132 0.2075
0.6981 0.0755 0.1887 0.0377
0.7547 0.0189 0.1887 0.0377
0.1509 0.7547 0.0189 0.0755
0.3396 0.0566 0.3208 0.2830
0.0755 0.0189 0.8679 0.0377
0.6226 0.2264 0.0566 0.0943
0.4340 0.0755 0.0189 0.4717
0.0189 0.3208 0.6415 0.0189
0.2264 0.3774 0.0755 0.3208
0.2453 0.0566 0.1509 0.5472

MOTIF filter49
letter-probability matrix: alength= 4 w= 24 nsites= 149
0.3203 0.1111 0.0915 0.4771
0.6993 0.0588 0.0784 0.1634
0.2222 0.2353 0.2157 0.3268
0.2484 0.1046 0.0327 0.6144
0.6013 0.0392 0.0327 0.3268
0.1242 0.0458 0.1373 0.6928
0.6209 0.1307 0.0523 0.1961
0.3856 0.2092 0.0523 0.3529
0.2222 0.0588 0.0523 0.6667
0.5621 0.0131 0.0065 0.4183
0.0065 0.1438 0.0065 0.8431
0.6601 0.0196 0.0850 0.2353
0.1046 0.1176 0.1046 0.6732
0.0261 0.0065 0.0261 0.9412
0.5425 0.0196 0.0915 0.3464
0.0850 0.3268 0.0261 0.5621
0.8693 0.0327 0.0523 0.0458
0.0065 0.0719 0.0065 0.9150
0.9739 0.0065 0.0065 0.0131
0.1895 0.1830 0.0131 0.6144
0.6797 0.0065 0.0261 0.2876
0.1503 0.1176 0.0784 0.6536
0.7974 0.0065 0.1242 0.0719
0.2418 0.0523 0.0131 0.6928

MOTIF filter50
letter-probability matrix: alength= 4 w= 24 nsites= 113
0.4359 0.2051 0.0427 0.3162
0.5812 0.0085 0.3590 0.0513
0.7436 0.0085 0.0085 0.2393
0.1880 0.0598 0.2222 0.5299
0.2308 0.3419 0.3162 0.1111
0.1111 0.2735 0.3675 0.2479
0.0684 0.6923 0.1966 0.0427
0.5385 0.2650 0.0855 0.1111
0.2821 0.0769 0.1282 0.5128
0.1197 0.4444 0.1026 0.3333
0.1282 0.0427 0.0769 0.7521
0.2393 0.1538 0.3932 0.2137
0.2991 0.4359 0.2393 0.0256
0.0427 0.4017 0.5470 0.0085
0.0171 0.4530 0.1453 0.3846
0.4103 0.0769 0.0684 0.4444
0.8462 0.0342 0.0171 0.1026
0.0598 0.1880 0.7094 0.0427
0.3761 0.3077 0.0342 0.2821
0.3419 0.2051 0.0769 0.3761
0.0855 0.2137 0.6752 0.0256
0.3162 0.2308 0.2222 0.2308
0.0256 0.0085 0.4786 0.4872
0.2137 0.2222 0.1197 0.4444

MOTIF filter51
letter-probability matrix: alength= 4 w= 24 nsites= 240
0.5287 0.3238 0.0984 0.0492
0.6066 0.1148 0.2336 0.0451
0.0410 0.2582 0.4795 0.2213
0.1352 0.3525 0.0328 0.4795
0.4467 0.3525 0.0656 0.1352
0.3033 0.1557 0.0533 0.4877
0.0205 0.1598 0.1967 0.6230
0.3934 0.0574 0.0451 0.5041
0.3689 0.0533 0.2418 0.3361
0.1107 0.2008 0.0779 0.6107
0.0205 0.1393 0.0123 0.8279
0.0410 0.4836 0.1148 0.3607
0.1148 0.1352 0.0492 0.7008
0.0574 0.1189 0.2008 0.6230
0.4262 0.0533 0.0574 0.4631
0.1516 0.1107 0.5410 0.1967
0.0246 0.1803 0.0656 0.7295
0.0123 0.5451 0.1066 0.3361
0.1107 0.0451 0.5205 0.3238
0.1148 0.0943 0.7090 0.0820
0.4959 0.0902 0.3607 0.0533
0.2336 0.3361 0.2377 0.1926
0.2459 0.4262 0.0902 0.2377
0.3033 0.0451 0.1639 0.4877

MOTIF filter52
letter-probability matrix: alength= 4 w= 24 nsites= 43
0.0426 0.2128 0.0213 0.7234
0.0851 0.0426 0.8085 0.0638
0.0426 0.4468 0.1915 0.3191
0.0851 0.3617 0.0213 0.5319
0.3617 0.0213 0.5106 0.1064
0.1702 0.6170 0.1064 0.1064
0.0638 0.0851 0.1277 0.7234
0.0638 0.0213 0.7447 0.1702
0.0213 0.6809 0.0426 0.2553
0.0213 0.3404 0.0638 0.5745
0.1915 0.0213 0.5532 0.2340
0.0213 0.6383 0.1064 0.2340
0.0213 0.2979 0.0426 0.6383
0.0638 0.0213 0.8723 0.0426
0.0638 0.7234 0.0638 0.1489
0.0638 0.1489 0.0213 0.7660
0.0851 0.0426 0.8085 0.0638
0.0213 0.8085 0.0213 0.1489
0.0426 0.3617 0.0213 0.5745
0.1702 0.0213 0.7872 0.0213
0.0426 0.6596 0.1915 0.1064
0.0426 0.3191 0.0213 0.6170
0.1064 0.0213 0.8511 0.0213
0.0426 0.7447 0.1064 0.1064

MOTIF filter53
letter-probability matrix: alength= 4 w= 24 nsites= 131
0.1556 0.1778 0.3778 0.2889
0.2370 0.0815 0.1185 0.5630
0.1926 0.0296 0.7333 0.0444
0.1407 0.6074 0.0889 0.1630
0.0889 0.3407 0.2815 0.2889
0.1185 0.0963 0.7778 0.0074
0.2667 0.5037 0.2000 0.0296
0.5407 0.0148 0.0444 0.4000
0.0667 0.2444 0.6741 0.0148
0.1037 0.3778 0.2000 0.3185
0.0889 0.4593 0.1259 0.3259
0.2222 0.2222 0.2148 0.3407
0.0222 0.2815 0.6593 0.0370
0.1852 0.0222 0.0074 0.7852
0.0741 0.1704 0.6815 0.0741
