<!DOCTYPE HTML>
<html>
  <head>
    <meta charset="UTF-8">
    <title>Tomtom Results</title>
    <script>
      // @JSON_VAR data
      var data = {
        "program": "Tomtom",
        "version": "5.5.2",
        "release": "Sun Jan 29 10:33:12 2023 -0800",
        "cmd": [
          "tomtom", "-dist", "pearson", "-thresh", "0.05", "-oc",
          "results_quiescence/tomtom", "results_quiescence/filters_meme.txt",
          "Motif_database/YEASTRACT_20130918.meme"
        ],
        "options": {
          "strands": "both",
          "distance_measure": "pearson",
          "threshold_type": "qvalue",
          "threshold_value": 0.05,
          "background_source": "--query--"
        },
        "alphabet": {
          "name": "DNA",
          "like": "dna",
          "ncore": 4,
          "symbols": [
            {
              "symbol": "A",
              "name": "Adenine",
              "colour": "CC0000",
              "complement": "T"
            }, {
              "symbol": "C",
              "name": "Cytosine",
              "colour": "0000CC",
              "complement": "G"
            }, {
              "symbol": "G",
              "name": "Guanine",
              "colour": "FFB300",
              "complement": "C"
            }, {
              "symbol": "T",
              "aliases": "U",
              "name": "Thymine",
              "colour": "008000",
              "complement": "A"
            }, {
              "symbol": "N",
              "aliases": "X.",
              "name": "Any base",
              "equals": "ACGT"
            }, {
              "symbol": "V",
              "name": "Not T",
              "equals": "ACG"
            }, {
              "symbol": "H",
              "name": "Not G",
              "equals": "ACT"
            }, {
              "symbol": "D",
              "name": "Not C",
              "equals": "AGT"
            }, {
              "symbol": "B",
              "name": "Not A",
              "equals": "CGT"
            }, {
              "symbol": "M",
              "name": "Amino",
              "equals": "AC"
            }, {
              "symbol": "R",
              "name": "Purine",
              "equals": "AG"
            }, {
              "symbol": "W",
              "name": "Weak",
              "equals": "AT"
            }, {
              "symbol": "S",
              "name": "Strong",
              "equals": "CG"
            }, {
              "symbol": "Y",
              "name": "Pyrimidine",
              "equals": "CT"
            }, {
              "symbol": "K",
              "name": "Keto",
              "equals": "GT"
            }
          ]
        },
        "background": [0.306769, 0.193231, 0.193231, 0.306769],
        "query_dbs": [
          {
            "source": "results_quiescence/filters_meme.txt",
            "name": "filters_meme.txt",
            "loaded": 39,
            "excluded": 0,
            "last_modified": "Thu May 11 17:03:47 2023"
          }
        ],
        "target_dbs": [
          {
            "source": "Motif_database/YEASTRACT_20130918.meme",
            "name": "YEASTRACT_20130918",
            "loaded": 732,
            "excluded": 0,
            "last_modified": "Wed May  3 22:58:18 2023"
          }
        ],
        "queries": [
          {
            "db": 0,
            "id": "filter0",
            "len": 24,
            "nsites": 82,
            "evalue": "1.0e+000",
            "pwm": [
              [0.0352277, 0.371845, 0.441553, 0.151374], 
              [0.0119595, 0.48804, 0.313853, 0.186147], 
              [0.104936, 0.116382, 0.73187, 0.0468124], 
              [0.0119595, 0.116394, 0.848001, 0.0236453], 
              [0.0236453, 0.476355, 0.232552, 0.267448], 
              [0.104946, 0.186009, 0.255724, 0.453321], 
              [0.0584087, 0.685468, 0.162853, 0.0932697], 
              [0.0236453, 0.627371, 0.162837, 0.186147], 
              [0.197833, 0.499626, 0.290581, 0.0119595], 
              [0.046817, 0.522898, 0.418325, 0.0119595], 
              [0.128131, 0.63902, 0.0466834, 0.186166], 
              [0.0236453, 0.569341, 0.26731, 0.139704], 
              [0.0119595, 0.48804, 0.325439, 0.174561], 
              [0.0236453, 0.638956, 0.302167, 0.0352311], 
              [0.0352311, 0.708671, 0.220866, 0.0352311], 
              [0.0932604, 0.26731, 0.615785, 0.0236453], 
              [0.0700817, 0.371845, 0.406699, 0.151374], 
              [0.186166, 0.0466834, 0.720329, 0.0468217], 
              [0.0700886, 0.255724, 0.662228, 0.0119595], 
              [0.0352311, 0.708671, 0.220866, 0.0352311], 
              [0.0584087, 0.267336, 0.63902, 0.0352346], 
              [0.0119595, 0.255724, 0.708671, 0.0236453], 
              [0.139704, 0.0582646, 0.731943, 0.0700886], 
              [0.0119595, 0.313853, 0.662228, 0.0119595]
            ]
          }, {
            "db": 0,
            "id": "filter1",
            "len": 24,
            "nsites": 107,
            "evalue": "1.0e+000",
            "pwm": [
              [0.711322, 0.0271552, 0.198195, 0.0633275], 
              [0.144252, 0.0722131, 0.702224, 0.0813107], 
              [0.666364, 0.117171, 0.0271552, 0.18931], 
              [0.486284, 0.351217, 0.099178, 0.0633212], 
              [0.864379, 0.00917202, 0.0901963, 0.0362528], 
              [0.567356, 0.153237, 0.144146, 0.13526], 
              [0.459311, 0.0632152, 0.414152, 0.0633212], 
              [0.4143, 0.22517, 0.0812047, 0.279326], 
              [0.549273, 0.108179, 0.270228, 0.0723191], 
              [0.75638, 0.0271552, 0.207187, 0.00927803], 
              [0.53129, 0.162229, 0.297203, 0.00927803], 
              [0.387325, 0.108179, 0.315186, 0.18931], 
              [0.441274, 0.315186, 0.162229, 0.0813107], 
              [0.297309, 0.324178, 0.0632215, 0.315292], 
              [0.369342, 0.378227, 0.144146, 0.108285], 
              [0.252351, 0.0361468, 0.432177, 0.279326], 
              [0.801338, 0.0991879, 0.0812047, 0.0182696], 
              [0.738371, 0.117183, 0.135168, 0.00927893], 
              [0.270307, 0.369199, 0.108169, 0.252326], 
              [0.00927803, 0.378227, 0.00917202, 0.603323], 
              [0.87337, 0.0181636, 0.00917202, 0.0992939], 
              [0.792346, 0.0271552, 0.171221, 0.00927803], 
              [0.261342, 0.0991879, 0.495218, 0.144252], 
              [0.297309, 0.306194, 0.216179, 0.180318]
            ]
          }, {
            "db": 0,
            "id": "filter10",
            "len": 24,
            "nsites": 206,
            "evalue": "1.0e+000",
            "pwm": [
              [0.10009, 0.028677, 0.0429687, 0.828264], 
              [0.399995, 0.0571718, 0.0238846, 0.518949], 
              [0.499906, 0.0714591, 0.138127, 0.290508], 
              [0.785546, 0.0952571, 0.0238846, 0.0953122], 
              [0.0239373, 0.0762568, 0.0810545, 0.818751], 
              [0.214345, 0.218987, 0.323737, 0.242931], 
              [0.119091, 0.280957, 0.0524683, 0.547483], 
              [0.67129, 0.0238846, 0.171428, 0.133397], 
              [0.266693, 0.161899, 0.0810464, 0.490362], 
              [0.0715213, 0.0571718, 0.0095901, 0.861717], 
              [0.176263, 0.0238822, 0.0381753, 0.761679], 
              [0.656996, 0.0190864, 0.161931, 0.161986], 
              [0.528492, 0.0619637, 0.123834, 0.28571], 
              [0.22384, 0.00958915, 0.323737, 0.442834], 
              [0.295206, 0.0667614, 0.0429729, 0.59506], 
              [0.185759, 0.157118, 0.0286799, 0.628444], 
              [0.457073, 0.100055, 0.0714662, 0.371406], 
              [0.0858073, 0.0333776, 0.0286799, 0.852135], 
              [0.228638, 0.0333776, 0.0476707, 0.690314], 
              [0.652167, 0.0619575, 0.204774, 0.0811014], 
              [0.380926, 0.14291, 0.309413, 0.166751], 
              [0.0144419, 0.0952476, 0.0905498, 0.799761], 
              [0.171466, 0.104843, 0.0476707, 0.676021], 
              [0.571329, 0.147637, 0.0714662, 0.209568]
            ]
          }, {
            "db": 0,
            "id": "filter12",
            "len": 24,
            "nsites": 91,
            "evalue": "1.0e+000",
            "pwm": [
              [0.0108263, 0.694219, 0.0527596, 0.242195], 
              [0.0319052, 0.136876, 0.0527596, 0.77846], 
              [0.052879, 0.357719, 0.0738312, 0.515571], 
              [0.0423863, 0.147436, 0.0633364, 0.746842], 
              [0.0214115, 0.25251, 0.0633364, 0.662743], 
              [0.0214115, 0.157923, 0.357683, 0.462982], 
              [0.0423947, 0.641671, 0.136876, 0.179058], 
              [0.0319021, 0.115885, 0.5575, 0.294713], 
              [0.0634674, 0.357719, 0.242046, 0.336767], 
              [0.0214115, 0.105386, 0.609981, 0.263222], 
              [0.052879, 0.704738, 0.0527544, 0.189629], 
              [0.189629, 0.14745, 0.0948082, 0.568113], 
              [0.0214136, 0.347231, 0.294589, 0.336767], 
              [0.0108263, 0.410303, 0.25256, 0.326311], 
              [0.0108252, 0.252535, 0.347231, 0.389409], 
              [0.0423905, 0.389285, 0.326154, 0.242171], 
              [0.0844443, 0.357719, 0.2841, 0.273736], 
              [0.200117, 0.105397, 0.326154, 0.368332], 
              [0.0318989, 0.105386, 0.557444, 0.305271], 
              [0.0108263, 0.210502, 0.326187, 0.452485], 
              [0.0423905, 0.231558, 0.0843197, 0.641732], 
              [0.0318989, 0.0738238, 0.347196, 0.547081], 
              [0.0108252, 0.862465, 0.0738312, 0.052879], 
              [0.105511, 0.368171, 0.105386, 0.420932]
            ]
          }, {
            "db": 0,
            "id": "filter13",
            "len": 24,
            "nsites": 52,
            "evalue": "1.0e+000",
            "pwm": [
              [0.481763, 0.053868, 0.125131, 0.339238], 
              [0.463998, 0.285523, 0.0360024, 0.214477], 
              [0.802566, 0.0894906, 0.0538627, 0.0540806], 
              [0.695722, 0.196414, 0.071641, 0.0362238], 
              [0.535261, 0.0716338, 0.374651, 0.0184545], 
              [0.143215, 0.46378, 0.232025, 0.16098], 
              [0.267975, 0.107265, 0.552908, 0.0718518], 
              [0.0184527, 0.321122, 0.142982, 0.517443], 
              [0.446132, 0.249891, 0.0182365, 0.28574], 
              [0.28574, 0.0716338, 0.624171, 0.0184545], 
              [0.303606, 0.0182365, 0.606306, 0.0718518], 
              [0.285712, 0.428105, 0.142982, 0.1432], 
              [0.0362238, 0.232049, 0.374689, 0.357039], 
              [0.0718518, 0.267757, 0.178628, 0.481763], 
              [0.321372, 0.321154, 0.053868, 0.303606], 
              [0.28574, 0.303388, 0.0894995, 0.321372], 
              [0.0184545, 0.232025, 0.249891, 0.499629], 
              [0.0362203, 0.160762, 0.33902, 0.463998], 
              [0.446177, 0.196414, 0.321186, 0.0362238], 
              [0.642191, 0.125118, 0.214238, 0.0184527], 
              [0.321372, 0.053868, 0.410283, 0.214477], 
              [0.570892, 0.053868, 0.0182365, 0.357003], 
              [0.0718518, 0.677668, 0.0182365, 0.232243], 
              [0.250109, 0.107265, 0.0894995, 0.553126]
            ]
          }, {
            "db": 0,
            "id": "filter14",
            "len": 24,
            "nsites": 36,
            "evalue": "1.0e+000",
            "pwm": [
              [0.0507113, 0.349566, 0.175051, 0.424672], 
              [0.075642, 0.0753275, 0.025466, 0.823564], 
              [0.200296, 0.025466, 0.623804, 0.150434], 
              [0.250157, 0.15012, 0.49915, 0.100573], 
              [0.0257805, 0.524081, 0.324635, 0.125504], 
              [0.34988, 0.100258, 0.324635, 0.225227], 
              [0.200296, 0.424358, 0.0503968, 0.324949], 
              [0.150434, 0.224912, 0.399427, 0.225227], 
              [0.399742, 0.199981, 0.175051, 0.225227], 
              [0.225227, 0.199981, 0.399427, 0.175365], 
              [0.0507113, 0.224912, 0.524081, 0.200296], 
              [0.100573, 0.723527, 0.100258, 0.075642], 
              [0.150434, 0.0753275, 0.199981, 0.574257], 
              [0.0507113, 0.125189, 0.399427, 0.424672], 
              [0.125504, 0.324635, 0.449289, 0.100573], 
              [0.100573, 0.349566, 0.424358, 0.125504], 
              [0.200296, 0.0503968, 0.349566, 0.399742], 
              [0.773703, 0.025466, 0.125189, 0.075642], 
              [0.075642, 0.324635, 0.399427, 0.200296], 
              [0.150434, 0.0503968, 0.15012, 0.649049], 
              [0.0507113, 0.15012, 0.199981, 0.599188], 
              [0.0507113, 0.199981, 0.274773, 0.474534], 
              [0.0257805, 0.848181, 0.0753275, 0.0507113], 
              [0.0507113, 0.648735, 0.15012, 0.150434]
            ]
          }, {
            "db": 0,
            "id": "filter15",
            "len": 24,
            "nsites": 263,
            "evalue": "1.0e+000",
            "pwm": [
              [0.292135, 0.0899483, 0.00377241, 0.614145], 
              [0.906172, 0.0112692, 0.00757059, 0.0749881], 
              [0.082477, 0.138607, 0.0225626, 0.756353], 
              [0.816306, 0.0262635, 0.030062, 0.127368], 
              [0.093681, 0.123626, 0.0337606, 0.748932], 
              [0.864988, 0.0262635, 0.0599507, 0.0487981], 
              [0.131167, 0.239682, 0.0150677, 0.614083], 
              [0.778821, 0.0449564, 0.0974364, 0.0787867], 
              [0.647835, 0.0449609, 0.0112703, 0.295934], 
              [0.404463, 0.0936379, 0.0150677, 0.486832], 
              [0.3071, 0.0225649, 0.0974364, 0.572899], 
              [0.805091, 0.0449609, 0.0225671, 0.127381], 
              [0.381971, 0.0225649, 0.00757059, 0.587893], 
              [0.546709, 0.0150677, 0.224688, 0.213535], 
              [0.460595, 0.213471, 0.0150662, 0.310867], 
              [0.572899, 0.0712464, 0.0187663, 0.337088], 
              [0.75263, 0.0150677, 0.074945, 0.157357], 
              [0.921066, 0.0375592, 0.0150677, 0.0263066], 
              [0.0226103, 0.0936472, 0.00377241, 0.87997], 
              [0.614083, 0.00757059, 0.0225649, 0.355781], 
              [0.258444, 0.0599567, 0.033764, 0.647835], 
              [0.606647, 0.0187682, 0.033764, 0.340821], 
              [0.426912, 0.0712393, 0.00756984, 0.494279], 
              [0.318396, 0.191001, 0.00377204, 0.486832]
            ]
          }, {
            "db": 0,
            "id": "filter16",
            "len": 24,
            "nsites": 60,
            "evalue": "1.0e+000",
            "pwm": [
              [0.250094, 0.249906, 0.0314696, 0.46853], 
              [0.109717, 0.0471388, 0.249881, 0.593263], 
              [0.0629002, 0.0939561, 0.125101, 0.718043], 
              [0.0629127, 0.0782994, 0.0782994, 0.780489], 
              [0.094145, 0.015894, 0.0939561, 0.796005], 
              [0.577649, 0.203084, 0.0471435, 0.172124], 
              [0.172107, 0.608647, 0.109529, 0.109717], 
              [0.0473324, 0.0471435, 0.0782916, 0.827233], 
              [0.0629064, 0.296728, 0.109539, 0.530827], 
              [0.140876, 0.18751, 0.49949, 0.172124], 
              [0.499678, 0.0471435, 0.374698, 0.0784805], 
              [0.0160845, 0.0471435, 0.26548, 0.671292], 
              [0.0316616, 0.0627238, 0.0158971, 0.889717], 
              [0.374886, 0.171935, 0.125114, 0.328065], 
              [0.31249, 0.0627175, 0.608708, 0.0160845], 
              [0.437282, 0.0471435, 0.312302, 0.203272], 
              [0.187698, 0.125114, 0.125114, 0.562074], 
              [0.0316585, 0.0782916, 0.0471435, 0.842906], 
              [0.156466, 0.187528, 0.125126, 0.53088], 
              [0.359348, 0.0314727, 0.0782994, 0.53088], 
              [0.265695, 0.0158971, 0.140702, 0.577706], 
              [0.218946, 0.109539, 0.0314696, 0.640045], 
              [0.125315, 0.281082, 0.187528, 0.406075], 
              [0.374924, 0.203104, 0.0314727, 0.3905]
            ]
          }, {
            "db": 0,
            "id": "filter17",
            "len": 24,
            "nsites": 313,
            "evalue": "1.0e+000",
            "pwm": [
              [0.249193, 0.119911, 0.00955773, 0.621337], 
              [0.608704, 0.0599426, 0.0442476, 0.287106], 
              [0.170361, 0.126234, 0.05365, 0.649755], 
              [0.826417, 0.0315548, 0.0315548, 0.110474], 
              [0.0883698, 0.176705, 0.0221547, 0.71277], 
              [0.819954, 0.0726313, 0.0284498, 0.0789649], 
              [0.0599788, 0.100929, 0.00326069, 0.835831], 
              [0.734863, 0.0158567, 0.0315517, 0.217728], 
              [0.0442839, 0.0599426, 0.00326069, 0.892513], 
              [0.760079, 0.0158551, 0.00955773, 0.214508], 
              [0.0726675, 0.0347472, 0.00326037, 0.889325], 
              [0.883116, 0.0063597, 0.0126577, 0.0978667], 
              [0.00639534, 0.0158551, 0.00326037, 0.974489], 
              [0.930401, 0.00326069, 0.0126577, 0.0536809], 
              [0.0221909, 0.0252537, 0.00326069, 0.949295], 
              [0.883116, 0.0284526, 0.0221547, 0.0662768], 
              [0.0599788, 0.0347506, 0.00955868, 0.895712], 
              [0.958792, 0.0063597, 0.0126577, 0.0221909], 
              [0.0252899, 0.0315517, 0.00326069, 0.939898], 
              [0.879917, 0.00955868, 0.0284526, 0.0820718], 
              [0.00959399, 0.0284498, 0.00955773, 0.952398], 
              [0.889414, 0.0379496, 0.0063597, 0.0662768], 
              [0.0757738, 0.119923, 0.0189557, 0.785347], 
              [0.56766, 0.0726313, 0.107317, 0.252392]
            ]
          }, {
            "db": 0,
            "id": "filter18",
            "len": 24,
            "nsites": 26,
            "evalue": "1.0e+000",
            "pwm": [
              [0.133965, 0.0671848, 0.764503, 0.0343478], 
              [0.0343478, 0.266419, 0.598441, 0.100792], 
              [0.133965, 0.0671848, 0.531997, 0.266854], 
              [0.100792, 0.399208, 0.0671848, 0.432815], 
              [0.36647, 0.465652, 0.0339128, 0.133965], 
              [0.49921, 0.166785, 0.0671781, 0.266827], 
              [0.632112, 0.0339161, 0.100367, 0.233605], 
              [0.698493, 0.100357, 0.0339128, 0.167237], 
              [0.764938, 0.0339128, 0.100357, 0.100792], 
              [0.399643, 0.100357, 0.299591, 0.200409], 
              [0.0343478, 0.86412, 0.0339128, 0.0676198], 
              [0.100792, 0.299591, 0.233146, 0.36647], 
              [0.333198, 0.0339128, 0.266419, 0.36647], 
              [0.764861, 0.0671781, 0.100347, 0.0676132], 
              [0.266854, 0.531997, 0.0671848, 0.133965], 
              [0.0676198, 0.531997, 0.266419, 0.133965], 
              [0.100802, 0.332797, 0.133543, 0.432858], 
              [0.133965, 0.199974, 0.465652, 0.200409], 
              [0.0676198, 0.233146, 0.598441, 0.100792], 
              [0.0676198, 0.498825, 0.0339128, 0.399643], 
              [0.598936, 0.0339161, 0.133543, 0.233605], 
              [0.266854, 0.0339128, 0.399208, 0.300026], 
              [0.300026, 0.13353, 0.100357, 0.466087], 
              [0.266854, 0.166802, 0.332763, 0.233581]
            ]
          }, {
            "db": 0,
            "id": "filter19",
            "len": 24,
            "nsites": 155,
            "evalue": "1.0e+000",
            "pwm": [
              [0.264227, 0.00642052, 0.452633, 0.276719], 
              [0.213881, 0.10067, 0.358429, 0.32702], 
              [0.38355, 0.182407, 0.345802, 0.088241], 
              [0.622396, 0.0378003, 0.138435, 0.201368], 
              [0.64758, 0.0190124, 0.282942, 0.0504654], 
              [0.64758, 0.0190124, 0.182407, 0.151], 
              [0.760707, 0.00642052, 0.207491, 0.0253815], 
              [0.672697, 0.00641989, 0.201275, 0.119609], 
              [0.930398, 0.00642052, 0.0566881, 0.00649373], 
              [0.553286, 0.00641989, 0.370948, 0.0693463], 
              [0.67896, 0.00642052, 0.308126, 0.00649373], 
              [0.704144, 0.00642052, 0.150927, 0.138509], 
              [0.917806, 0.00642052, 0.062984, 0.0127897], 
              [0.540695, 0.00641989, 0.377244, 0.0756416], 
              [0.773299, 0.00642052, 0.176111, 0.0441694], 
              [0.276719, 0.0253083, 0.125843, 0.572129], 
              [0.314495, 0.0127165, 0.641211, 0.0315775], 
              [0.540749, 0.0440962, 0.245266, 0.169888], 
              [0.559593, 0.10067, 0.270377, 0.0693601], 
              [0.886337, 0.00641989, 0.088159, 0.0190837], 
              [0.471594, 0.0378003, 0.440141, 0.0504654], 
              [0.854946, 0.00642052, 0.0566881, 0.081945], 
              [0.697848, 0.00642052, 0.113252, 0.18248], 
              [0.283015, 0.0127165, 0.320718, 0.38355]
            ]
          }, {
            "db": 0,
            "id": "filter2",
            "len": 24,
            "nsites": 291,
            "evalue": "1.0e+000",
            "pwm": [
              [0.376276, 0.00686404, 0.589664, 0.0271961], 
              [0.488087, 0.0610515, 0.393171, 0.0576914], 
              [0.725256, 0.0915349, 0.149215, 0.0339937], 
              [0.935384, 0.0237582, 0.0373536, 0.00350421], 
              [0.637186, 0.0305559, 0.325355, 0.00690305], 
              [0.56941, 0.00346521, 0.410125, 0.0169996], 
              [0.505032, 0.00346521, 0.4846, 0.00690305], 
              [0.857411, 0.0136617, 0.125423, 0.00350421], 
              [0.938783, 0.00346521, 0.0339547, 0.0237972], 
              [0.667676, 0.00346521, 0.311859, 0.0169996], 
              [0.613433, 0.0136603, 0.294836, 0.0780708], 
              [0.57615, 0.0136603, 0.372801, 0.0373888], 
              [0.765942, 0.00346521, 0.199998, 0.0305949], 
              [0.803149, 0.0678363, 0.115315, 0.0136994], 
              [0.806628, 0.0102629, 0.155913, 0.0271961], 
              [0.525272, 0.145802, 0.281342, 0.0475843], 
              [0.549117, 0.10513, 0.328753, 0.0169996], 
              [0.664277, 0.0271571, 0.237285, 0.0712809], 
              [0.244122, 0.139019, 0.4846, 0.13226], 
              [0.464346, 0.172907, 0.298264, 0.0644833], 
              [0.620254, 0.105141, 0.257604, 0.0170013], 
              [0.383074, 0.206795, 0.0847373, 0.325394], 
              [0.193239, 0.0441512, 0.59986, 0.162749], 
              [0.399968, 0.118626, 0.203397, 0.27801]
            ]
          }, {
            "db": 0,
            "id": "filter20",
            "len": 24,
            "nsites": 252,
            "evalue": "1.0e+000",
            "pwm": [
              [0.121174, 0.0039751, 0.870831, 0.00402014], 
              [0.17975, 0.312453, 0.456895, 0.0509015], 
              [0.734157, 0.101626, 0.125015, 0.0392023], 
              [0.60928, 0.109433, 0.265571, 0.0157155], 
              [0.531111, 0.289062, 0.160213, 0.019614], 
              [0.554657, 0.0273685, 0.386662, 0.0313124], 
              [0.414057, 0.0859426, 0.456895, 0.0431046], 
              [0.45694, 0.249977, 0.253876, 0.0392062], 
              [0.730332, 0.0312643, 0.21879, 0.019614], 
              [0.652228, 0.0312674, 0.285192, 0.0313124], 
              [0.5585, 0.308554, 0.128926, 0.00402014], 
              [0.663892, 0.105524, 0.175789, 0.0547945], 
              [0.394505, 0.015672, 0.437447, 0.152376], 
              [0.214858, 0.300787, 0.39446, 0.089895], 
              [0.503822, 0.125027, 0.285164, 0.0859876], 
              [0.316428, 0.253901, 0.398358, 0.0313124], 
              [0.160242, 0.663847, 0.132811, 0.0431003], 
              [0.468689, 0.0938301, 0.433461, 0.00401975], 
              [0.125072, 0.558455, 0.304656, 0.011817], 
              [0.437448, 0.203096, 0.312453, 0.0470031], 
              [0.515517, 0.16801, 0.285164, 0.0313093], 
              [0.226632, 0.371029, 0.382725, 0.019614], 
              [0.328092, 0.253876, 0.249977, 0.168055], 
              [0.304701, 0.0820441, 0.605336, 0.00791859]
            ]
          }, {
            "db": 0,
            "id": "filter21",
            "len": 24,
            "nsites": 631,
            "evalue": "1.0e+000",
            "pwm": [
              [0.0189456, 0.228294, 0.0142284, 0.738532], 
              [0.0677379, 0.113413, 0.0220271, 0.796822], 
              [0.00634761, 0.108713, 0.0441236, 0.840815], 
              [0.0126466, 0.148007, 0.0189276, 0.820419], 
              [0.00314812, 0.115012, 0.00472987, 0.87711], 
              [0.0173459, 0.159105, 0.00942913, 0.81412], 
              [0.0016482, 0.206277, 0.0016302, 0.790444], 
              [0.0220451, 0.0803179, 0.0268264, 0.870811], 
              [0.0315436, 0.121311, 0.00942913, 0.837716], 
              [0.00164836, 0.0724191, 0.0110289, 0.914904], 
              [0.00314812, 0.0362249, 0.00792937, 0.952698], 
              [0.011048, 0.111824, 0.0157297, 0.861398], 
              [0.0189456, 0.170104, 0.0110289, 0.799922], 
              [0.0362429, 0.0992149, 0.0315256, 0.833017], 
              [0.0173476, 0.124423, 0.0236292, 0.8346], 
              [0.0331434, 0.0961154, 0.0472231, 0.823518], 
              [0.0283441, 0.184301, 0.0362249, 0.75113], 
              [0.110242, 0.126023, 0.00943007, 0.754305], 
              [0.0394424, 0.100815, 0.0110289, 0.848714], 
              [0.0252471, 0.0803259, 0.00313044, 0.891297], 
              [0.0142464, 0.00632962, 0.00942913, 0.969995], 
              [0.0126466, 0.0315256, 0.0173279, 0.9385], 
              [0.00944712, 0.152806, 0.0205274, 0.817219], 
              [0.135427, 0.119712, 0.0551219, 0.689739]
            ]
          }, {
            "db": 0,
            "id": "filter22",
            "len": 24,
            "nsites": 53,
            "evalue": "1.0e+000",
            "pwm": [
              [0.0706455, 0.210467, 0.263068, 0.455819], 
              [0.0881126, 0.648241, 0.0704317, 0.193214], 
              [0.298246, 0.0704387, 0.578231, 0.0530839], 
              [0.140713, 0.157967, 0.648241, 0.0530787], 
              [0.33325, 0.105466, 0.525673, 0.0356116], 
              [0.0530787, 0.228034, 0.333036, 0.385851], 
              [0.0706385, 0.473125, 0.385598, 0.0706385], 
              [0.0706455, 0.0528648, 0.700842, 0.175647], 
              [0.33325, 0.0704317, 0.245501, 0.350817], 
              [0.368321, 0.298032, 0.122945, 0.210702], 
              [0.123146, 0.54324, 0.0353978, 0.298216], 
              [0.385812, 0.105455, 0.140485, 0.368247], 
              [0.666022, 0.0178309, 0.245501, 0.0706455], 
              [0.350817, 0.333036, 0.210467, 0.105679], 
              [0.245715, 0.0353978, 0.54324, 0.175647], 
              [0.298246, 0.0178327, 0.648306, 0.0356151], 
              [0.630925, 0.08789, 0.140485, 0.140699], 
              [0.140713, 0.298002, 0.105466, 0.455819], 
              [0.228248, 0.455605, 0.0878987, 0.228248], 
              [0.578388, 0.228034, 0.0704317, 0.123146], 
              [0.438308, 0.105455, 0.350568, 0.105669], 
              [0.175647, 0.140499, 0.630774, 0.0530787], 
              [0.33325, 0.263068, 0.350603, 0.0530787], 
              [0.0356116, 0.0353978, 0.875912, 0.0530787]
            ]
          }, {
            "db": 0,
            "id": "filter23",
            "len": 24,
            "nsites": 297,
            "evalue": "1.0e+000",
            "pwm": [
              [0.0432887, 0.554678, 0.0532471, 0.348786], 
              [0.0498865, 0.0897348, 0.10303, 0.757348], 
              [0.0199966, 0.471706, 0.146216, 0.362081], 
              [0.0166993, 0.242508, 0.109639, 0.631154], 
              [0.0199966, 0.265776, 0.122924, 0.591304], 
              [0.0831753, 0.126223, 0.146216, 0.644386], 
              [0.0332921, 0.37204, 0.0199583, 0.57471], 
              [0.103079, 0.0664493, 0.0631501, 0.767322], 
              [0.0365946, 0.0897438, 0.0797462, 0.793915], 
              [0.0166977, 0.159511, 0.056546, 0.767245], 
              [0.0199966, 0.113027, 0.0664427, 0.800534], 
              [0.0166993, 0.076447, 0.0498533, 0.857], 
              [0.0100999, 0.205996, 0.00336393, 0.78054], 
              [0.00340214, 0.0432505, 0.0532471, 0.9001], 
              [0.0100989, 0.279043, 0.0166578, 0.6942], 
              [0.00340214, 0.0764393, 0.0100617, 0.910097], 
              [0.00340181, 0.129608, 0.0233549, 0.843635], 
              [0.0199966, 0.0631438, 0.056546, 0.860314], 
              [0.00340247, 0.186021, 0.00666348, 0.803913], 
              [0.0133988, 0.0100617, 0.00336393, 0.973176], 
              [0.0199966, 0.0963326, 0.0100617, 0.873609], 
              [0.00340247, 0.14953, 0.00666348, 0.840404], 
              [0.00670103, 0.382036, 0.0498483, 0.561414], 
              [0.0100999, 0.318858, 0.0598449, 0.611197]
            ]
          }, {
            "db": 0,
            "id": "filter24",
            "len": 24,
            "nsites": 300,
            "evalue": "1.0e+000",
            "pwm": [
              [0.230325, 0.266376, 0.157912, 0.345387], 
              [0.289506, 0.0526469, 0.082237, 0.57561], 
              [0.0263935, 0.184203, 0.588668, 0.200735], 
              [0.0461823, 0.144702, 0.138205, 0.670912], 
              [0.0428837, 0.253255, 0.19408, 0.509781], 
              [0.223705, 0.105319, 0.595206, 0.0757694], 
              [0.0197957, 0.572274, 0.0263556, 0.381575], 
              [0.0296953, 0.0164606, 0.302594, 0.65125], 
              [0.0592825, 0.595266, 0.115126, 0.230325], 
              [0.102068, 0.148015, 0.40453, 0.345387], 
              [0.230325, 0.0362523, 0.118425, 0.614997], 
              [0.141455, 0.601864, 0.125023, 0.131658], 
              [0.0888726, 0.197399, 0.368342, 0.345387], 
              [0.0757694, 0.411086, 0.0921245, 0.42102], 
              [0.0592825, 0.217092, 0.243383, 0.480242], 
              [0.18754, 0.319058, 0.266376, 0.227027], 
              [0.21713, 0.049348, 0.414426, 0.319096], 
              [0.302601, 0.00666219, 0.358545, 0.332192], 
              [0.273011, 0.200698, 0.157912, 0.368379], 
              [0.273039, 0.256605, 0.328888, 0.141469], 
              [0.0132965, 0.0691345, 0.0296516, 0.887917], 
              [0.0197976, 0.078946, 0.0197598, 0.881497], 
              [0.15795, 0.384836, 0.111827, 0.345387], 
              [0.223728, 0.302564, 0.148015, 0.325694]
            ]
          }, {
            "db": 0,
            "id": "filter25",
            "len": 24,
            "nsites": 940,
            "evalue": "1.0e+000",
            "pwm": [
              [0.316699, 0.0180186, 0.00112044, 0.664162], 
              [0.534976, 0.00951954, 0.0275176, 0.427987], 
              [0.470283, 0.0265177, 0.00851965, 0.49468], 
              [0.407789, 0.00531999, 0.00112044, 0.58577], 
              [0.766851, 0.00322021, 0.0127192, 0.21721], 
              [0.833561, 0.00112033, 0.0212162, 0.144103], 
              [0.439586, 0.00112044, 0.00951954, 0.549774], 
              [0.901437, 0.00112044, 0.0360167, 0.0614261], 
              [0.631302, 0.00112033, 0.00741903, 0.360158], 
              [0.666195, 0.00112033, 0.00112033, 0.331564], 
              [0.914044, 0.00112033, 0.0244155, 0.0604202], 
              [0.49888, 0.00422011, 0.0117193, 0.485181], 
              [0.711786, 0.00112033, 0.00531946, 0.281774], 
              [0.609068, 0.00212033, 0.00322021, 0.385592], 
              [0.552919, 0.0138177, 0.00531946, 0.427944], 
              [0.413089, 0.0159189, 0.00112044, 0.569872], 
              [0.926834, 0.024418, 0.00422011, 0.0445279], 
              [0.3072, 0.0275176, 0.00531999, 0.659962], 
              [0.412089, 0.00851965, 0.00422011, 0.575171], 
              [0.528576, 0.0117193, 0.0127192, 0.446985], 
              [0.40783, 0.0466203, 0.00422053, 0.541329], 
              [0.654663, 0.00951954, 0.00741977, 0.328398], 
              [0.628103, 0.0117181, 0.00321989, 0.356959], 
              [0.459684, 0.0233181, 0.00531999, 0.511678]
            ]
          }, {
            "db": 0,
            "id": "filter26",
            "len": 24,
            "nsites": 55,
            "evalue": "1.0e+000",
            "pwm": [
              [0.0174278, 0.0172217, 0.89711, 0.0682405], 
              [0.0343952, 0.135705, 0.812474, 0.0174261], 
              [0.152795, 0.118747, 0.457166, 0.271292], 
              [0.0174261, 0.101866, 0.338735, 0.541972], 
              [0.474343, 0.423324, 0.0172217, 0.0851115], 
              [0.322005, 0.0172217, 0.491008, 0.169766], 
              [0.288163, 0.0172217, 0.592533, 0.102082], 
              [0.677394, 0.0510636, 0.0849054, 0.186637], 
              [0.118953, 0.321798, 0.389482, 0.169766], 
              [0.220479, 0.491008, 0.16956, 0.118953], 
              [0.0174278, 0.947923, 0.0172217, 0.0174278], 
              [0.254321, 0.423324, 0.152589, 0.169766], 
              [0.355846, 0.0341926, 0.491008, 0.118953], 
              [0.389649, 0.23722, 0.23722, 0.135911], 
              [0.609649, 0.169543, 0.135705, 0.085103], 
              [0.0512696, 0.254115, 0.609504, 0.0851115], 
              [0.135911, 0.203382, 0.558636, 0.102072], 
              [0.508134, 0.0510585, 0.338735, 0.102072], 
              [0.102072, 0.152574, 0.507928, 0.237426], 
              [0.0174278, 0.16956, 0.118747, 0.694265], 
              [0.541972, 0.152574, 0.0680276, 0.237426], 
              [0.102072, 0.135705, 0.69399, 0.0682337], 
              [0.0512646, 0.101866, 0.440251, 0.406618], 
              [0.220479, 0.118747, 0.507979, 0.152795]
            ]
          }, {
            "db": 0,
            "id": "filter27",
            "len": 24,
            "nsites": 213,
            "evalue": "1.0e+000",
            "pwm": [
              [0.0554235, 0.0184839, 0.912154, 0.0139389], 
              [0.0508252, 0.575878, 0.304078, 0.0692184], 
              [0.539091, 0.147521, 0.290254, 0.0231332], 
              [0.22124, 0.225785, 0.488361, 0.0646137], 
              [0.465372, 0.414638, 0.0415754, 0.078415], 
              [0.589767, 0.0922474, 0.0783539, 0.239632], 
              [0.483817, 0.018482, 0.202796, 0.294906], 
              [0.622014, 0.267292, 0.0276805, 0.0830133], 
              [0.677294, 0.124445, 0.13824, 0.0600218], 
              [0.557538, 0.133641, 0.281087, 0.0277338], 
              [0.557482, 0.267265, 0.138226, 0.0370266], 
              [0.188974, 0.0230822, 0.493009, 0.294935], 
              [0.202849, 0.0599626, 0.608105, 0.129083], 
              [0.502208, 0.23498, 0.202796, 0.0600158], 
              [0.304101, 0.207393, 0.230383, 0.258123], 
              [0.138293, 0.304078, 0.313375, 0.244254], 
              [0.106084, 0.585058, 0.276433, 0.0324256], 
              [0.400896, 0.165929, 0.35476, 0.078415], 
              [0.253525, 0.0968453, 0.621899, 0.027731], 
              [0.617416, 0.235004, 0.0645669, 0.0830133], 
              [0.594365, 0.0968453, 0.281059, 0.027731], 
              [0.235034, 0.340931, 0.391607, 0.0324288], 
              [0.0922915, 0.142909, 0.327104, 0.437695], 
              [0.290337, 0.0691652, 0.511402, 0.129096]
            ]
          }, {
            "db": 0,
            "id": "filter28",
            "len": 24,
            "nsites": 573,
            "evalue": "1.0e+000",
            "pwm": [
              [0.76422, 0.0364274, 0.142109, 0.0572435], 
              [0.693133, 0.0607231, 0.130011, 0.116133], 
              [0.937396, 0.0139299, 0.0399228, 0.00875114], 
              [0.933991, 0.0225298, 0.00353311, 0.0399466], 
              [0.880212, 0.00353276, 0.0815113, 0.034744], 
              [0.795415, 0.00693251, 0.13691, 0.0607429], 
              [0.814511, 0.0121316, 0.169804, 0.00355292], 
              [0.892398, 0.00693251, 0.0711213, 0.0295484], 
              [0.99298, 0.00173342, 0.00353311, 0.00175323], 
              [0.911494, 0.0173307, 0.00523281, 0.065942], 
              [0.892398, 0.00353311, 0.0641225, 0.0399466], 
              [0.857804, 0.00173342, 0.131711, 0.00875201], 
              [0.830026, 0.0260266, 0.0971071, 0.0468407], 
              [0.779817, 0.00693251, 0.0624228, 0.150827], 
              [0.854304, 0.00523281, 0.0589234, 0.0815393], 
              [0.587451, 0.209697, 0.107515, 0.0953369], 
              [0.810931, 0.0659156, 0.109204, 0.0139497], 
              [0.778118, 0.0139313, 0.154207, 0.0537442], 
              [0.769419, 0.126512, 0.0589234, 0.0451457], 
              [0.951292, 0.0104309, 0.024327, 0.0139497], 
              [0.873314, 0.0139299, 0.0451213, 0.067635], 
              [0.599589, 0.135197, 0.0520194, 0.213195], 
              [0.727827, 0.0277289, 0.0919177, 0.152527], 
              [0.616884, 0.0399228, 0.155991, 0.187202]
            ]
          }, {
            "db": 0,
            "id": "filter29",
            "len": 24,
            "nsites": 172,
            "evalue": "1.0e+000",
            "pwm": [
              [0.556599, 0.108039, 0.232954, 0.102409], 
              [0.335217, 0.238597, 0.312462, 0.113724], 
              [0.886063, 0.0341925, 0.0284958, 0.0512486], 
              [0.454414, 0.15912, 0.221584, 0.164882], 
              [0.89166, 0.0568793, 0.0398892, 0.0115716], 
              [0.670289, 0.181807, 0.0171024, 0.130802], 
              [0.914355, 0.0341891, 0.0455813, 0.00587437], 
              [0.556655, 0.249967, 0.0284958, 0.164882], 
              [0.0626419, 0.516812, 0.0966561, 0.32389], 
              [0.176176, 0.130736, 0.443055, 0.250033], 
              [0.369264, 0.187503, 0.323824, 0.119409], 
              [0.119409, 0.136433, 0.499822, 0.244336], 
              [0.0171684, 0.363501, 0.448751, 0.170579], 
              [0.0853287, 0.602062, 0.266957, 0.0456518], 
              [0.108115, 0.0341925, 0.488428, 0.369264], 
              [0.318193, 0.238574, 0.0909595, 0.352274], 
              [0.00587437, 0.602002, 0.159104, 0.23302], 
              [0.0342584, 0.369198, 0.357904, 0.23864], 
              [0.193266, 0.102353, 0.641739, 0.0626419], 
              [0.397687, 0.238597, 0.272681, 0.0910345], 
              [0.35797, 0.181807, 0.266957, 0.193266], 
              [0.545361, 0.14203, 0.0682727, 0.244336], 
              [0.244336, 0.22728, 0.153423, 0.37496], 
              [0.658895, 0.0171024, 0.062576, 0.261426]
            ]
          }, {
            "db": 0,
            "id": "filter3",
            "len": 24,
            "nsites": 279,
            "evalue": "1.0e+000",
            "pwm": [
              [0.0178036, 0.13782, 0.791286, 0.0530909], 
              [0.0636871, 0.240283, 0.307359, 0.388671], 
              [0.0495872, 0.501639, 0.332117, 0.116656], 
              [0.0459981, 0.141333, 0.671296, 0.141373], 
              [0.0213023, 0.483996, 0.261476, 0.233226], 
              [0.0777898, 0.15193, 0.434557, 0.335723], 
              [0.0636871, 0.413321, 0.250879, 0.272112], 
              [0.0142049, 0.378034, 0.264974, 0.342787], 
              [0.0318953, 0.279141, 0.219069, 0.469895], 
              [0.127264, 0.229687, 0.441611, 0.201438], 
              [0.0213044, 0.720683, 0.148431, 0.109582], 
              [0.151955, 0.353343, 0.219091, 0.275611], 
              [0.038996, 0.159012, 0.635841, 0.16615], 
              [0.116668, 0.423917, 0.250879, 0.208535], 
              [0.106072, 0.148416, 0.4734, 0.272112], 
              [0.0813808, 0.222589, 0.678226, 0.0178036], 
              [0.268614, 0.296763, 0.208495, 0.226129], 
              [0.106072, 0.123725, 0.727708, 0.0424947], 
              [0.130776, 0.22971, 0.561724, 0.0777898], 
              [0.116668, 0.335649, 0.515784, 0.0318985], 
              [0.162552, 0.279169, 0.219091, 0.339188], 
              [0.0389921, 0.201377, 0.752424, 0.00720666], 
              [0.109582, 0.194319, 0.544129, 0.151971], 
              [0.0424947, 0.127224, 0.791286, 0.038996]
            ]
          }, {
            "db": 0,
            "id": "filter30",
            "len": 24,
            "nsites": 216,
            "evalue": "1.0e+000",
            "pwm": [
              [0.222739, 0.0455684, 0.15002, 0.581673], 
              [0.150073, 0.00458733, 0.66798, 0.17736], 
