MEME version 4

ALPHABET= ACGT

Background letter frequencies:
A 0.3147 C 0.1874 G 0.1863 T 0.3115

MOTIF filter0
letter-probability matrix: alength= 4 w= 24 nsites= 58
0.3710 0.0161 0.0806 0.5323
0.1613 0.2903 0.1613 0.3871
0.2419 0.1935 0.0161 0.5484
0.3065 0.2419 0.1452 0.3065
0.5645 0.3710 0.0484 0.0161
0.0645 0.3226 0.2258 0.3871
0.1129 0.6452 0.1613 0.0806
0.1452 0.1290 0.0645 0.6613
0.1452 0.0645 0.0968 0.6935
0.1129 0.0323 0.1290 0.7258
0.5000 0.0645 0.1935 0.2419
0.2097 0.0161 0.3710 0.4032
0.2258 0.0484 0.0806 0.6452
0.3548 0.1290 0.2581 0.2581
0.0323 0.0161 0.0161 0.9355
0.4677 0.0645 0.1452 0.3226
0.6129 0.2742 0.0645 0.0484
0.0806 0.7258 0.0484 0.1452
0.0968 0.1613 0.4677 0.2742
0.0968 0.2258 0.1452 0.5323
0.1452 0.7097 0.0323 0.1129
0.0645 0.0806 0.0161 0.8387
0.3710 0.0968 0.1452 0.3871
0.2903 0.0645 0.0323 0.6129

MOTIF filter1
letter-probability matrix: alength= 4 w= 24 nsites= 49
0.0566 0.1132 0.3585 0.4717
0.2264 0.0377 0.7170 0.0189
0.3208 0.0377 0.6226 0.0189
0.6415 0.1887 0.1509 0.0189
0.2264 0.5472 0.1509 0.0755
0.0943 0.3396 0.3019 0.2642
0.0566 0.5472 0.1698 0.2264
0.0755 0.7925 0.0566 0.0755
0.2642 0.2264 0.4151 0.0943
0.5849 0.3396 0.0189 0.0566
0.6792 0.2642 0.0377 0.0189
0.2830 0.1509 0.3019 0.2642
0.3774 0.0377 0.4906 0.0943
0.4717 0.0566 0.2453 0.2264
0.7547 0.0377 0.0943 0.1132
0.1887 0.0189 0.3774 0.4151
0.3962 0.2264 0.0189 0.3585
0.5283 0.1509 0.2642 0.0566
0.0943 0.1321 0.0755 0.6981
0.3585 0.2075 0.3585 0.0755
0.5094 0.1509 0.1509 0.1887
0.6981 0.1698 0.0943 0.0377
0.1321 0.1887 0.0943 0.5849
0.5660 0.2642 0.0566 0.1132

MOTIF filter2
letter-probability matrix: alength= 4 w= 24 nsites= 15
0.0526 0.1579 0.7368 0.0526
0.4737 0.1579 0.2632 0.1053
0.3684 0.1053 0.1579 0.3684
0.1579 0.1053 0.6842 0.0526
0.3684 0.1053 0.3158 0.2105
0.7368 0.0526 0.1579 0.0526
0.0526 0.2105 0.5789 0.1579
0.0526 0.7368 0.0526 0.1579
0.2632 0.0526 0.3684 0.3158
0.0526 0.2105 0.6842 0.0526
0.8421 0.0526 0.0526 0.0526
0.1053 0.1053 0.6842 0.1053
0.4737 0.0526 0.2632 0.2105
0.1053 0.3684 0.2105 0.3158
0.3158 0.0526 0.5789 0.0526
0.2632 0.0526 0.6316 0.0526
0.6316 0.2632 0.0526 0.0526
0.3684 0.0526 0.1579 0.4211
0.0526 0.4737 0.3684 0.1053
0.2632 0.0526 0.1579 0.5263
0.0526 0.1579 0.6316 0.1579
0.3684 0.3684 0.1579 0.1053
0.1579 0.5263 0.2632 0.0526
0.4211 0.0526 0.1053 0.4211

MOTIF filter3
letter-probability matrix: alength= 4 w= 24 nsites= 120
0.6129 0.2500 0.0161 0.1210
0.0726 0.6290 0.2823 0.0161
0.1371 0.2581 0.3065 0.2984
0.3790 0.2419 0.0403 0.3387
0.4758 0.0565 0.2903 0.1774
0.2500 0.0887 0.0484 0.6129
0.1048 0.0323 0.7097 0.1532
0.1935 0.2419 0.2177 0.3468
0.6613 0.0565 0.1210 0.1613
0.5323 0.0726 0.3387 0.0565
0.6694 0.0806 0.0565 0.1935
0.1290 0.2258 0.3952 0.2500
0.4677 0.2016 0.2339 0.0968
0.2097 0.4032 0.2742 0.1129
0.0081 0.4758 0.1210 0.3952
0.4919 0.2903 0.1129 0.1048
0.6935 0.0565 0.2097 0.0403
0.0726 0.0726 0.4194 0.4355
0.5806 0.0403 0.1935 0.1855
0.4919 0.0565 0.3629 0.0887
0.4516 0.3710 0.1452 0.0323
0.0323 0.3145 0.0242 0.6290
0.0726 0.0161 0.2581 0.6532
0.3387 0.1048 0.4677 0.0887

MOTIF filter4
letter-probability matrix: alength= 4 w= 24 nsites= 69
0.3973 0.0548 0.1233 0.4247
0.1918 0.1918 0.0548 0.5616
0.0822 0.3836 0.1507 0.3836
0.5479 0.0411 0.3973 0.0137
0.2466 0.5890 0.1370 0.0274
0.1370 0.1781 0.3973 0.2877
0.1781 0.4384 0.0548 0.3288
0.4521 0.2329 0.2329 0.0822
0.2466 0.0137 0.0274 0.7123
0.1781 0.5479 0.1233 0.1507
0.3973 0.0274 0.5479 0.0274
0.1370 0.1507 0.3014 0.4110
0.1096 0.1918 0.4932 0.2055
0.8767 0.0274 0.0137 0.0822
0.5479 0.0685 0.1507 0.2329
0.4110 0.1918 0.0959 0.3014
0.4521 0.0959 0.0274 0.4247
0.6575 0.0274 0.0411 0.2740
0.5616 0.0548 0.1781 0.2055
0.2329 0.1507 0.0411 0.5753
0.7260 0.0411 0.1370 0.0959
0.1918 0.2329 0.1507 0.4247
0.1233 0.0822 0.0685 0.7260
0.1644 0.1507 0.4521 0.2329

MOTIF filter5
letter-probability matrix: alength= 4 w= 24 nsites= 179
0.3934 0.0437 0.0601 0.5027
0.4262 0.0219 0.0164 0.5355
0.3770 0.0109 0.0109 0.6011
0.1858 0.0219 0.2186 0.5738
0.5956 0.0109 0.0546 0.3388
0.1148 0.0164 0.0055 0.8634
0.1257 0.0055 0.1694 0.6995
0.6120 0.0164 0.1858 0.1858
0.5628 0.0601 0.0273 0.3497
0.3333 0.0055 0.0874 0.5738
0.3825 0.0328 0.1913 0.3934
0.8142 0.0219 0.0055 0.1585
0.0437 0.0383 0.0765 0.8415
0.3934 0.0164 0.2186 0.3716
0.0601 0.0874 0.1475 0.7049
0.2951 0.0109 0.0328 0.6612
0.1749 0.0109 0.0656 0.7486
0.5738 0.0219 0.1093 0.2951
0.0656 0.0109 0.0383 0.8852
0.7541 0.0164 0.0109 0.2186
0.3169 0.0219 0.0437 0.6175
0.7377 0.1148 0.0929 0.0546
0.3060 0.0109 0.0055 0.6776
0.7213 0.0219 0.0820 0.1749

MOTIF filter6
letter-probability matrix: alength= 4 w= 24 nsites= 36
0.3500 0.4750 0.0500 0.1250
0.1000 0.2000 0.3500 0.3500
0.8750 0.0500 0.0500 0.0250
0.7250 0.0750 0.1000 0.1000
0.4000 0.2500 0.1750 0.1750
0.5500 0.1000 0.0250 0.3250
0.0750 0.0500 0.4000 0.4750
0.2250 0.0500 0.0750 0.6500
0.1500 0.1500 0.1750 0.5250
0.2000 0.0250 0.3750 0.4000
0.0500 0.3000 0.1500 0.5000
0.0250 0.0250 0.3250 0.6250
0.5000 0.0750 0.3750 0.0500
0.0500 0.7000 0.0250 0.2250
0.1750 0.0250 0.1250 0.6750
0.1250 0.0500 0.0750 0.7500
0.1750 0.0250 0.2750 0.5250
0.0250 0.0250 0.0250 0.9250
0.1500 0.0500 0.3750 0.4250
0.4500 0.1000 0.2000 0.2500
0.1750 0.4750 0.0750 0.2750
0.2250 0.1500 0.1750 0.4500
0.3500 0.0750 0.3250 0.2500
0.1000 0.3250 0.5250 0.0500

MOTIF filter7
letter-probability matrix: alength= 4 w= 24 nsites= 156
0.5250 0.0563 0.3750 0.0437
0.6750 0.2188 0.1000 0.0063
0.4875 0.0750 0.1812 0.2562
0.2875 0.1500 0.4250 0.1375
0.0938 0.3250 0.3563 0.2250
0.0312 0.0125 0.3937 0.5625
0.0063 0.2000 0.7688 0.0250
0.3250 0.4375 0.1875 0.0500
0.4437 0.0125 0.0063 0.5375
0.2687 0.1313 0.5625 0.0375
0.3937 0.3563 0.2313 0.0187
0.4000 0.4688 0.0437 0.0875
0.1875 0.3250 0.4313 0.0563
0.6312 0.0938 0.1500 0.1250
0.3063 0.0688 0.2875 0.3375
0.1187 0.0187 0.8125 0.0500
0.5375 0.2437 0.1812 0.0375
0.1125 0.2250 0.1062 0.5563
0.4000 0.0813 0.4875 0.0312
0.1125 0.4750 0.2625 0.1500
0.1313 0.1000 0.0625 0.7063
0.3125 0.2062 0.3688 0.1125
0.1875 0.5125 0.1125 0.1875
0.4188 0.3625 0.1062 0.1125

MOTIF filter8
letter-probability matrix: alength= 4 w= 24 nsites= 130
0.2239 0.1343 0.0746 0.5672
0.0373 0.6642 0.1418 0.1567
0.1343 0.6343 0.0224 0.2090
0.3134 0.0746 0.4552 0.1567
0.2910 0.4403 0.1493 0.1194
0.1343 0.3582 0.3507 0.1567
0.0149 0.1493 0.0224 0.8134
0.3209 0.3209 0.2910 0.0672
0.1567 0.2164 0.0373 0.5896
0.1045 0.0522 0.5000 0.3433
0.2537 0.1119 0.0075 0.6269
0.4030 0.0373 0.5224 0.0373
0.3209 0.2761 0.1194 0.2836
0.1418 0.0672 0.2910 0.5000
0.6269 0.0597 0.0746 0.2388
0.5746 0.1418 0.0522 0.2313
0.2090 0.1567 0.3358 0.2985
0.2910 0.3657 0.1343 0.2090
0.2313 0.0224 0.6642 0.0821
0.0970 0.1716 0.1716 0.5597
0.0746 0.1269 0.3955 0.4030
0.3134 0.4030 0.2015 0.0821
0.1418 0.1940 0.2612 0.4030
0.1791 0.7090 0.0448 0.0672

MOTIF filter9
letter-probability matrix: alength= 4 w= 24 nsites= 71
0.0533 0.1467 0.5067 0.2933
0.0533 0.4933 0.3600 0.0933
0.1200 0.4667 0.0133 0.4000
0.0533 0.0267 0.1333 0.7867
0.0267 0.0533 0.4133 0.5067
0.3067 0.3067 0.0400 0.3467
0.4133 0.0400 0.4533 0.0933
0.0267 0.3467 0.1067 0.5200
0.3600 0.0667 0.2133 0.3600
0.3867 0.1333 0.1467 0.3333
0.0267 0.0133 0.0933 0.8667
0.0133 0.3067 0.0400 0.6400
0.4933 0.0267 0.1333 0.3467
0.5867 0.0933 0.2933 0.0267
0.0133 0.0533 0.4000 0.5333
0.1067 0.0667 0.0400 0.7867
0.1333 0.1333 0.0133 0.7200
0.4667 0.2133 0.2267 0.0933
0.0400 0.2000 0.3467 0.4133
0.4267 0.0533 0.2267 0.2933
0.0800 0.2800 0.0533 0.5867
0.1867 0.4400 0.2933 0.0800
0.0667 0.6533 0.0267 0.2533
0.3067 0.0133 0.5467 0.1333

MOTIF filter10
letter-probability matrix: alength= 4 w= 24 nsites= 101
0.1429 0.1333 0.0095 0.7143
0.2190 0.0286 0.1333 0.6190
0.2762 0.2857 0.0381 0.4000
0.0762 0.0190 0.5238 0.3810
0.2476 0.2762 0.4000 0.0762
0.3143 0.0381 0.1143 0.5333
0.1238 0.5524 0.1619 0.1619
0.0952 0.0190 0.0095 0.8762
0.2571 0.0667 0.4667 0.2095
0.5714 0.1810 0.0190 0.2286
0.1714 0.0571 0.3429 0.4286
0.1143 0.0286 0.3333 0.5238
0.6190 0.1905 0.0857 0.1048
0.0381 0.1619 0.3524 0.4476
0.2571 0.2000 0.1238 0.4190
0.5143 0.1714 0.2476 0.0667
0.1619 0.1429 0.6000 0.0952
0.1810 0.3429 0.2095 0.2667
0.1143 0.0762 0.4952 0.3143
0.0190 0.5714 0.2762 0.1333
0.1048 0.1429 0.2286 0.5238
0.0857 0.3238 0.4857 0.1048
0.6000 0.1714 0.1810 0.0476
0.6762 0.0571 0.1905 0.0762

MOTIF filter11
letter-probability matrix: alength= 4 w= 24 nsites= 24
0.5714 0.1786 0.0357 0.2143
0.0357 0.0357 0.4286 0.5000
0.0357 0.0714 0.0714 0.8214
0.1071 0.0357 0.0714 0.7857
0.3214 0.2857 0.3214 0.0714
0.3214 0.3929 0.2500 0.0357
0.2500 0.1786 0.0714 0.5000
0.1071 0.3929 0.3929 0.1071
0.0357 0.3929 0.0714 0.5000
0.4286 0.2857 0.1071 0.1786
0.0714 0.0714 0.2500 0.6071
0.4286 0.2857 0.2500 0.0357
0.0357 0.7857 0.0714 0.1071
0.0357 0.1786 0.0714 0.7143
0.1071 0.2143 0.1071 0.5714
0.1071 0.1071 0.2143 0.5714
0.7143 0.0714 0.1071 0.1071
0.1786 0.0357 0.3214 0.4643
0.5000 0.3571 0.0357 0.1071
0.2857 0.4286 0.1786 0.1071
0.0357 0.0714 0.3929 0.5000
0.4286 0.4286 0.0357 0.1071
0.0357 0.7857 0.0357 0.1429
0.7143 0.0714 0.1786 0.0357

MOTIF filter12
letter-probability matrix: alength= 4 w= 24 nsites= 74
0.0256 0.1026 0.6154 0.2564
0.2949 0.1410 0.0513 0.5128
0.2692 0.2051 0.0256 0.5000
0.1538 0.2051 0.5385 0.1026
0.1282 0.3718 0.1026 0.3974
0.1282 0.1026 0.1538 0.6154
0.5256 0.2821 0.1282 0.0641
0.1795 0.0897 0.2308 0.5000
0.0128 0.5513 0.0769 0.3590
0.3333 0.0513 0.0256 0.5897
0.3333 0.5769 0.0128 0.0769
0.1282 0.0128 0.1667 0.6923
0.2949 0.4872 0.0513 0.1667
0.2692 0.2051 0.4615 0.0641
0.4615 0.2179 0.1410 0.1795
0.1410 0.6795 0.0769 0.1026
0.1795 0.1538 0.4615 0.2051
0.1667 0.3974 0.2821 0.1538
0.0256 0.0897 0.5769 0.3077
0.1538 0.1667 0.3077 0.3718
0.0769 0.0769 0.6410 0.2051
0.4103 0.0897 0.1154 0.3846
0.0897 0.3718 0.3077 0.2308
0.4744 0.2821 0.0641 0.1795

MOTIF filter13
letter-probability matrix: alength= 4 w= 24 nsites= 66
0.1000 0.0571 0.1286 0.7143
0.2571 0.1000 0.5000 0.1429
0.4714 0.2286 0.0714 0.2286
0.2143 0.0286 0.7286 0.0286
0.2286 0.0429 0.6857 0.0429
0.1286 0.0143 0.1429 0.7143
0.0286 0.7429 0.1429 0.0857
0.0429 0.4000 0.2571 0.3000
0.4571 0.0429 0.1714 0.3286
0.1857 0.1286 0.6714 0.0143
0.1571 0.1857 0.2286 0.4286
0.1286 0.0714 0.5143 0.2857
0.0286 0.1143 0.6571 0.2000
0.0143 0.1143 0.0286 0.8429
0.1143 0.4429 0.0286 0.4143
0.2000 0.1000 0.4571 0.2429
0.2571 0.0143 0.4429 0.2857
0.1571 0.5143 0.2286 0.1000
0.4429 0.0857 0.1286 0.3429
0.1857 0.3857 0.1429 0.2857
0.0286 0.1714 0.3286 0.4714
0.1429 0.1286 0.1714 0.5571
0.1571 0.4286 0.2429 0.1714
0.0714 0.5000 0.1857 0.2429

MOTIF filter14
letter-probability matrix: alength= 4 w= 24 nsites= 61
0.2154 0.1692 0.5846 0.0308
0.3077 0.6000 0.0769 0.0154
0.2154 0.2154 0.3846 0.1846
0.1231 0.4462 0.3692 0.0615
0.1538 0.0154 0.0462 0.7846
0.1692 0.1231 0.2615 0.4462
0.0615 0.6000 0.2154 0.1231
0.1231 0.5846 0.2154 0.0769
0.8615 0.0154 0.0154 0.1077
0.3077 0.1846 0.0615 0.4462
0.1692 0.1385 0.5538 0.1385
0.4154 0.3077 0.0308 0.2462
0.2308 0.4462 0.3077 0.0154
0.4308 0.0154 0.4462 0.1077
0.6308 0.2462 0.0462 0.0769
0.2308 0.3692 0.0462 0.3538
0.3692 0.2000 0.0769 0.3538
0.1846 0.0308 0.6462 0.1385
0.2769 0.1077 0.4462 0.1692
0.3846 0.0615 0.5385 0.0154
0.3692 0.2462 0.0154 0.3692
0.0462 0.6923 0.0615 0.2000
0.0308 0.4923 0.4462 0.0308
0.5077 0.1385 0.1538 0.2000

MOTIF filter15
letter-probability matrix: alength= 4 w= 24 nsites= 70
0.3919 0.4189 0.0541 0.1351
0.3649 0.2162 0.1216 0.2973
0.3108 0.0405 0.5811 0.0676
0.0270 0.0135 0.4730 0.4865
0.5135 0.1757 0.2973 0.0135
0.1622 0.3378 0.4730 0.0270
0.1486 0.2162 0.4865 0.1486
0.0135 0.1216 0.2027 0.6622
0.2973 0.3919 0.1757 0.1351
0.0405 0.1351 0.3649 0.4595
0.5000 0.0270 0.4459 0.0270
0.2162 0.1622 0.4459 0.1757
0.4459 0.1892 0.0270 0.3378
0.0541 0.7703 0.0405 0.1351
0.3108 0.0541 0.2432 0.3919
0.5676 0.4054 0.0135 0.0135
0.0541 0.0676 0.5676 0.3108
0.0946 0.0541 0.0135 0.8378
0.3243 0.0405 0.4054 0.2297
0.1622 0.0405 0.7297 0.0676
0.0811 0.1757 0.3649 0.3784
0.7703 0.0946 0.0405 0.0946
0.6216 0.0135 0.0541 0.3108
0.6216 0.1216 0.2162 0.0405

MOTIF filter16
letter-probability matrix: alength= 4 w= 24 nsites= 13
0.0588 0.0588 0.4706 0.4118
0.4118 0.4706 0.0588 0.0588
0.0588 0.0588 0.8235 0.0588
0.0588 0.0588 0.0588 0.8235
0.0588 0.4118 0.0588 0.4706
0.4706 0.1176 0.3529 0.0588
0.0588 0.0588 0.3529 0.5294
0.0588 0.0588 0.0588 0.8235
0.8235 0.0588 0.0588 0.0588
0.0588 0.0588 0.8235 0.0588
0.0588 0.8235 0.0588 0.0588
0.5294 0.0588 0.3529 0.0588
0.0588 0.8235 0.0588 0.0588
0.0588 0.1176 0.7647 0.0588
0.0588 0.3529 0.5294 0.0588
0.1176 0.0588 0.0588 0.7647
0.1176 0.3529 0.4706 0.0588
0.1176 0.7647 0.0588 0.0588
0.0588 0.7647 0.1176 0.0588
0.0588 0.0588 0.0588 0.8235
0.0588 0.0588 0.0588 0.8235
0.7647 0.0588 0.1176 0.0588
0.4706 0.0588 0.4118 0.0588
0.0588 0.8235 0.0588 0.0588

MOTIF filter17
letter-probability matrix: alength= 4 w= 24 nsites= 19
0.0870 0.1739 0.4348 0.3043
0.1739 0.0435 0.7391 0.0435
0.2609 0.1304 0.2609 0.3478
0.5217 0.0435 0.2174 0.2174
0.0870 0.8261 0.0435 0.0435
0.0870 0.2609 0.3478 0.3043
0.0435 0.2174 0.3043 0.4348
0.4348 0.0870 0.0435 0.4348
0.5217 0.3478 0.0435 0.0870
0.1739 0.0870 0.2609 0.4783
0.1739 0.2174 0.1304 0.4783
0.0870 0.5652 0.1304 0.2174
0.3478 0.1304 0.3043 0.2174
0.0435 0.1739 0.3913 0.3913
0.6087 0.1304 0.1739 0.0870
0.0870 0.3913 0.2609 0.2609
0.0435 0.0435 0.8261 0.0870
0.1304 0.0435 0.1739 0.6522
0.1304 0.0870 0.0870 0.6957
0.7391 0.0435 0.1304 0.0870
0.3478 0.1304 0.1304 0.3913
0.4783 0.0870 0.0435 0.3913
0.0870 0.1739 0.0435 0.6957
0.3043 0.5652 0.0435 0.0870

MOTIF filter18
letter-probability matrix: alength= 4 w= 24 nsites= 73
0.3896 0.0390 0.1039 0.4675
0.5844 0.2208 0.1429 0.0519
0.1039 0.1169 0.5714 0.2078
0.0649 0.0130 0.7792 0.1429
0.2338 0.0390 0.4026 0.3247
0.3506 0.1688 0.1688 0.3117
0.3377 0.1039 0.2338 0.3247
0.2208 0.0260 0.1948 0.5584
0.6494 0.2078 0.1039 0.0390
0.5195 0.0649 0.0519 0.3636
0.0260 0.1169 0.2987 0.5584
0.6494 0.0649 0.1429 0.1429
0.1558 0.1429 0.1688 0.5325
0.3766 0.1169 0.2857 0.2208
0.2338 0.0130 0.3247 0.4286
0.5195 0.4545 0.0130 0.0130
0.1688 0.4416 0.2857 0.1039
0.0260 0.0260 0.2468 0.7013
0.5584 0.2727 0.1558 0.0130
0.2208 0.2208 0.0390 0.5195
0.1169 0.3896 0.1429 0.3506
0.4675 0.0649 0.0649 0.4026
0.6234 0.0649 0.0519 0.2597
0.0390 0.0260 0.0649 0.8701

MOTIF filter19
letter-probability matrix: alength= 4 w= 24 nsites= 14
0.0556 0.8333 0.0556 0.0556
0.3889 0.0556 0.5000 0.0556
0.2222 0.0556 0.5000 0.2222
0.1111 0.6111 0.1667 0.1111
0.3889 0.0556 0.3333 0.2222
0.1667 0.2222 0.2222 0.3889
0.0556 0.8333 0.0556 0.0556
0.1667 0.1667 0.6111 0.0556
0.1667 0.0556 0.7222 0.0556
0.1111 0.4444 0.0556 0.3889
0.3889 0.1667 0.3333 0.1111
0.2222 0.2778 0.4444 0.0556
0.1111 0.6667 0.0556 0.1667
0.1667 0.1111 0.6667 0.0556
0.1667 0.3333 0.4444 0.0556
0.2778 0.4444 0.1111 0.1667
0.4444 0.0556 0.3333 0.1667
0.1111 0.1111 0.7222 0.0556
0.1111 0.4444 0.3333 0.1111
0.2778 0.0556 0.5556 0.1111
0.1667 0.0556 0.6111 0.1667
0.0556 0.4444 0.0556 0.4444
0.2222 0.0556 0.6111 0.1111
0.1667 0.1111 0.6667 0.0556

MOTIF filter20
letter-probability matrix: alength= 4 w= 24 nsites= 13
0.5294 0.0588 0.0588 0.3529
0.7059 0.0588 0.0588 0.1765
0.2353 0.2941 0.2941 0.1765
0.3529 0.0588 0.0588 0.5294
0.5882 0.2941 0.0588 0.0588
0.4118 0.4118 0.1176 0.0588
0.2353 0.1765 0.2353 0.3529
0.5294 0.1765 0.1176 0.1765
0.1176 0.1176 0.2353 0.5294
0.1765 0.1176 0.2353 0.4706
0.6471 0.0588 0.0588 0.2353
0.5294 0.0588 0.0588 0.3529
0.7059 0.1765 0.0588 0.0588
0.1765 0.0588 0.3529 0.4118
0.1176 0.0588 0.5294 0.2941
0.5882 0.2941 0.0588 0.0588
0.7647 0.0588 0.0588 0.1176
0.4706 0.1765 0.1176 0.2353
0.3529 0.1176 0.0588 0.4706
0.6471 0.1765 0.1176 0.0588
0.1765 0.5882 0.0588 0.1765
0.6471 0.1176 0.1765 0.0588
0.7647 0.0588 0.0588 0.1176
0.6471 0.1176 0.1765 0.0588

MOTIF filter21
letter-probability matrix: alength= 4 w= 24 nsites= 49
0.4906 0.0943 0.3774 0.0377
0.2642 0.0377 0.1321 0.5660
0.2075 0.4528 0.3208 0.0189
0.0377 0.0377 0.2453 0.6792
0.5472 0.0943 0.0755 0.2830
0.0943 0.5660 0.1321 0.2075
0.0943 0.1132 0.0943 0.6981
0.2075 0.0755 0.0189 0.6981
0.1887 0.4151 0.0189 0.3774
0.5283 0.1321 0.1321 0.2075
0.0566 0.3962 0.0377 0.5094
0.0755 0.1321 0.5094 0.2830
0.1887 0.0189 0.0755 0.7170
0.0943 0.3208 0.3208 0.2642
0.3962 0.0566 0.0377 0.5094
0.0755 0.5283 0.1509 0.2453
0.1321 0.6038 0.1132 0.1509
0.6226 0.0377 0.1887 0.1509
0.3396 0.0755 0.5472 0.0377
0.0566 0.3962 0.5283 0.0189
0.1698 0.2075 0.1887 0.4340
0.0755 0.4340 0.1698 0.3208
0.4717 0.1509 0.2830 0.0943
0.3774 0.4151 0.1321 0.0755

MOTIF filter22
letter-probability matrix: alength= 4 w= 24 nsites= 59
0.1905 0.0952 0.6667 0.0476
0.2063 0.5238 0.1587 0.1111
0.2698 0.1429 0.3333 0.2540
0.1746 0.4286 0.1111 0.2857
0.2063 0.3492 0.1587 0.2857
0.1905 0.1270 0.1429 0.5397
0.3492 0.0159 0.5873 0.0476
0.2540 0.0159 0.7143 0.0159
0.3333 0.4444 0.1270 0.0952
0.1111 0.0635 0.7460 0.0794
0.0635 0.2063 0.0794 0.6508
0.6190 0.1905 0.0476 0.1429
0.2063 0.0635 0.5397 0.1905
0.1429 0.4444 0.0952 0.3175
0.0159 0.1111 0.3810 0.4921
0.2540 0.0159 0.2381 0.4921
0.5714 0.0952 0.3175 0.0159
0.3651 0.0952 0.0159 0.5238
0.2063 0.5714 0.0159 0.2063
0.1270 0.1905 0.6349 0.0476
0.0635 0.2540 0.6032 0.0794
0.2222 0.2222 0.1429 0.4127
0.0317 0.4444 0.3175 0.2063
0.0635 0.0952 0.5873 0.2540

MOTIF filter23
letter-probability matrix: alength= 4 w= 24 nsites= 50
0.1667 0.2222 0.2407 0.3704
0.0185 0.1296 0.2407 0.6111
0.0556 0.2778 0.0370 0.6296
0.0370 0.0185 0.0370 0.9074
0.0556 0.3519 0.3333 0.2593
0.5000 0.0370 0.1111 0.3519
0.5000 0.0370 0.2963 0.1667
0.0185 0.1296 0.2407 0.6111
0.0185 0.1111 0.2593 0.6111
0.3519 0.0185 0.2778 0.3519
0.5185 0.1296 0.2963 0.0556
0.1667 0.0926 0.0370 0.7037
0.2037 0.3519 0.2222 0.2222
0.5926 0.0926 0.0741 0.2407
0.0556 0.4074 0.3704 0.1667
0.1111 0.1111 0.5370 0.2407
0.0741 0.0926 0.7593 0.0741
0.0370 0.0370 0.1111 0.8148
0.3889 0.0926 0.0926 0.4259
0.8148 0.0926 0.0741 0.0185
0.0741 0.6111 0.2963 0.0185
0.1481 0.1852 0.2778 0.3889
0.4815 0.1481 0.1667 0.2037
0.3148 0.1111 0.3519 0.2222

MOTIF filter24
letter-probability matrix: alength= 4 w= 24 nsites= 75
0.1139 0.0253 0.0253 0.8354
0.0127 0.0127 0.0380 0.9367
0.0759 0.0506 0.0253 0.8481
0.1519 0.0253 0.0253 0.7975
0.1013 0.2658 0.0506 0.5823
0.0886 0.3797 0.0506 0.4810
0.0127 0.0759 0.1139 0.7975
0.3418 0.2405 0.0633 0.3544
0.0253 0.0886 0.0380 0.8481
0.1519 0.0127 0.0127 0.8228
0.3038 0.1646 0.0633 0.4684
0.0633 0.1139 0.1899 0.6329
0.0633 0.0759 0.0759 0.7848
0.3165 0.0759 0.0886 0.5190
0.1266 0.0127 0.0253 0.8354
0.0380 0.0506 0.0127 0.8987
0.1139 0.0506 0.1519 0.6835
0.2532 0.0759 0.0253 0.6456
0.1646 0.3418 0.1013 0.3924
0.2025 0.0506 0.0633 0.6835
0.1392 0.0506 0.0253 0.7848
0.7342 0.0633 0.0253 0.1772
0.0127 0.1139 0.0127 0.8608
0.3165 0.1899 0.0506 0.4430

MOTIF filter25
letter-probability matrix: alength= 4 w= 24 nsites= 75
0.0253 0.4177 0.1266 0.4304
0.2405 0.0380 0.1646 0.5570
0.0380 0.2911 0.0127 0.6582
0.0380 0.1899 0.3165 0.4557
0.1772 0.1013 0.3418 0.3797
0.0253 0.4304 0.1139 0.4304
0.0253 0.5949 0.2532 0.1266
0.6835 0.0127 0.2025 0.1013
0.1899 0.3671 0.1139 0.3291
0.0633 0.3924 0.1139 0.4304
0.1519 0.0127 0.2532 0.5823
0.0253 0.0253 0.0253 0.9241
0.0253 0.0759 0.2278 0.6709
0.1266 0.0759 0.5949 0.2025
0.2785 0.2405 0.1519 0.3291
0.1266 0.0253 0.1772 0.6709
0.3544 0.0380 0.1772 0.4304
0.0506 0.7595 0.0759 0.1139
0.1139 0.7089 0.0253 0.1519
0.2025 0.0127 0.4304 0.3544
0.0253 0.0759 0.3797 0.5190
0.0253 0.2532 0.3165 0.4051
0.0127 0.2152 0.7089 0.0633
0.1772 0.2278 0.1013 0.4937

MOTIF filter26
letter-probability matrix: alength= 4 w= 24 nsites= 105
0.3761 0.3028 0.0734 0.2477
0.3211 0.0826 0.0275 0.5688
0.0734 0.0367 0.8807 0.0092
0.2385 0.2752 0.0367 0.4495
0.2844 0.0092 0.0092 0.6972
0.0826 0.0183 0.6422 0.2569
0.4587 0.1743 0.1468 0.2202
0.2661 0.0550 0.2110 0.4679
0.1651 0.0183 0.7615 0.0550
0.4037 0.2110 0.1284 0.2569
0.2110 0.0367 0.0092 0.7431
0.0275 0.1835 0.6697 0.1193
0.4037 0.2202 0.0642 0.3119
0.4862 0.1651 0.0550 0.2936
0.1193 0.0734 0.7798 0.0275
0.4128 0.4404 0.0459 0.1009
0.3853 0.0459 0.0275 0.5413
0.1009 0.0092 0.8532 0.0367
0.4128 0.3211 0.0459 0.2202
0.4128 0.0826 0.0183 0.4862
0.3394 0.0183 0.5872 0.0550
0.3119 0.3761 0.0642 0.2477
0.0917 0.0459 0.0734 0.7890
0.2110 0.0459 0.7156 0.0275

MOTIF filter27
letter-probability matrix: alength= 4 w= 24 nsites= 72
0.0658 0.5921 0.0132 0.3289
0.0263 0.0132 0.1053 0.8553
0.2237 0.4737 0.0263 0.2763
0.0658 0.6974 0.1842 0.0526
0.3421 0.4211 0.1447 0.0921
0.0263 0.3158 0.1184 0.5395
0.0263 0.1053 0.1053 0.7632
0.2895 0.0132 0.0132 0.6842
0.5395 0.2237 0.0263 0.2105
0.0132 0.0395 0.1842 0.7632
0.1974 0.0395 0.0263 0.7368
0.0132 0.3158 0.0132 0.6579
0.1053 0.3158 0.0132 0.5658
0.3289 0.0526 0.2500 0.3684
0.1711 0.1316 0.1316 0.5658
0.0526 0.0132 0.2500 0.6842
0.0132 0.0132 0.1842 0.7895
0.5132 0.0921 0.0526 0.3421
0.0526 0.1447 0.0263 0.7763
0.3684 0.0263 0.1184 0.4868
0.1579 0.4737 0.0658 0.3026
0.0132 0.0658 0.0263 0.8947
0.2632 0.0132 0.0526 0.6711
0.0132 0.0395 0.1842 0.7632

MOTIF filter28
letter-probability matrix: alength= 4 w= 24 nsites= 86
0.6444 0.0444 0.0444 0.2667
0.2778 0.3444 0.0333 0.3444
0.0778 0.4778 0.1667 0.2778
0.7444 0.0333 0.1556 0.0667
0.0222 0.1778 0.0222 0.7778
0.6889 0.0889 0.1444 0.0778
0.2667 0.0889 0.0778 0.5667
0.5333 0.2111 0.0667 0.1889
0.2889 0.1000 0.1222 0.4889
0.2556 0.1000 0.0333 0.6111
0.4000 0.3222 0.1222 0.1556
0.0778 0.1667 0.1778 0.5778
0.0444 0.0333 0.1556 0.7667
0.2222 0.5111 0.0111 0.2556
0.3556 0.0222 0.0111 0.6111
0.0333 0.2333 0.1778 0.5556
0.0556 0.6000 0.1111 0.2333
0.0667 0.5000 0.0444 0.3889
0.0667 0.0556 0.0111 0.8667
0.0556 0.7444 0.0222 0.1778
0.2556 0.4222 0.1000 0.2222
0.2000 0.1889 0.0556 0.5556
0.2444 0.1444 0.0333 0.5778
0.0333 0.3111 0.0444 0.6111

MOTIF filter29
letter-probability matrix: alength= 4 w= 24 nsites= 91
0.2421 0.3789 0.1684 0.2105
0.0105 0.4526 0.0842 0.4526
0.1789 0.0421 0.0737 0.7053
0.0526 0.3895 0.1789 0.3789
0.0421 0.1684 0.0105 0.7789
0.0842 0.2632 0.0316 0.6211
0.0316 0.0842 0.0211 0.8632
0.0105 0.2421 0.1158 0.6316
0.0105 0.1368 0.3053 0.5474
0.0211 0.2105 0.0105 0.7579
0.0421 0.2211 0.0737 0.6632
0.0526 0.1474 0.2105 0.5895
0.1053 0.4632 0.0421 0.3895
0.0737 0.3158 0.0316 0.5789
0.0947 0.5474 0.2316 0.1263
0.3368 0.0421 0.0105 0.6105
0.0632 0.0421 0.1579 0.7368
0.0421 0.0105 0.1053 0.8421
0.0526 0.3263 0.3368 0.2842
0.0316 0.5053 0.0526 0.4105
0.1053 0.0947 0.0316 0.7684
0.0947 0.1474 0.1053 0.6526
0.0211 0.4421 0.3368 0.2000
0.0947 0.2000 0.2211 0.4842

MOTIF filter30
letter-probability matrix: alength= 4 w= 24 nsites= 69
0.2055 0.4932 0.0411 0.2603
0.0822 0.6164 0.0274 0.2740
0.5479 0.0137 0.4247 0.0137
0.2192 0.5616 0.1644 0.0548
0.0137 0.2192 0.1370 0.6301
0.4658 0.0137 0.4795 0.0411
0.0274 0.5890 0.2329 0.1507
0.0137 0.1233 0.0137 0.8493
0.3288 0.0274 0.5068 0.1370
0.0137 0.5479 0.4110 0.0274
0.0274 0.0959 0.0137 0.8630
0.1918 0.0274 0.7671 0.0137
0.1233 0.4521 0.2603 0.1644
0.1096 0.0411 0.0137 0.8356
0.4932 0.0137 0.4795 0.0137
0.1781 0.5479 0.0685 0.2055
0.0548 0.1233 0.0685 0.7534
0.3699 0.0274 0.5616 0.0411
0.0822 0.6986 0.1233 0.0959
0.0822 0.3973 0.0137 0.5068
0.5342 0.0274 0.3425 0.0959
0.1096 0.8219 0.0137 0.0548
0.0411 0.2877 0.0137 0.6575
0.1233 0.0274 0.8082 0.0411

MOTIF filter31
letter-probability matrix: alength= 4 w= 24 nsites= 92
0.6146 0.1771 0.1875 0.0208
0.2500 0.0312 0.1354 0.5833
0.0208 0.5521 0.2917 0.1354
0.4271 0.0729 0.2396 0.2604
0.1042 0.1250 0.5625 0.2083
0.0104 0.0521 0.1875 0.7500
0.2812 0.0938 0.0938 0.5312
0.6042 0.0729 0.1875 0.1354
0.1042 0.0625 0.6042 0.2292
0.1250 0.3229 0.0312 0.5208
0.2292 0.3750 0.0625 0.3333
0.4896 0.2604 0.1667 0.0833
0.0312 0.1354 0.1250 0.7083
0.5312 0.3438 0.0833 0.0417
0.4062 0.1250 0.0521 0.4167
0.1146 0.0312 0.0625 0.7917
0.1146 0.1667 0.1146 0.6042
0.8438 0.0312 0.0729 0.0521
0.1250 0.2396 0.0208 0.6146
0.0417 0.1771 0.0417 0.7396
0.2812 0.0833 0.2396 0.3958
0.1875 0.0833 0.2188 0.5104
0.0729 0.1250 0.0417 0.7604
0.4479 0.1667 0.0729 0.3125

MOTIF filter32
letter-probability matrix: alength= 4 w= 24 nsites= 125
0.1473 0.0155 0.0543 0.7829
0.1860 0.0620 0.3643 0.3876
0.0465 0.3333 0.2558 0.3643
0.0775 0.0853 0.0543 0.7829
0.2093 0.0388 0.2016 0.5504
0.3411 0.4186 0.0155 0.2248
0.0543 0.1163 0.0078 0.8217
0.6279 0.0155 0.0465 0.3101
0.1240 0.7907 0.0155 0.0698
0.2791 0.1318 0.0155 0.5736
0.6512 0.1395 0.0775 0.1318
0.0155 0.7287 0.0698 0.1860
0.1085 0.1473 0.0620 0.6822
0.3333 0.0233 0.2791 0.3643
0.0543 0.6822 0.0465 0.2171
0.4264 0.2636 0.0465 0.2636
0.5349 0.0465 0.3721 0.0465
0.3333 0.2868 0.2946 0.0853
0.2248 0.3333 0.1628 0.2791
0.7674 0.0620 0.1395 0.0310
0.5194 0.2868 0.1473 0.0465
0.2636 0.0775 0.0543 0.6047
0.5194 0.0078 0.2171 0.2558
0.1705 0.5814 0.1473 0.1008

MOTIF filter33
letter-probability matrix: alength= 4 w= 24 nsites= 35
0.7179 0.1026 0.0256 0.1538
0.7949 0.0256 0.1282 0.0513
0.5385 0.0256 0.4103 0.0256
0.7179 0.1282 0.0513 0.1026
0.7436 0.0256 0.1538 0.0769
0.0513 0.0256 0.8205 0.1026
0.8462 0.0513 0.0769 0.0256
0.7436 0.1538 0.0769 0.0256
0.1538 0.0769 0.6923 0.0769
0.5128 0.2051 0.1026 0.1795
0.7436 0.0769 0.1282 0.0513
0.0256 0.0513 0.6410 0.2821
0.7436 0.0513 0.0256 0.1795
0.6667 0.1795 0.0769 0.0769
0.3333 0.0513 0.4872 0.1282
0.5641 0.2308 0.1282 0.0769
0.5641 0.2308 0.0513 0.1538
0.0769 0.2564 0.5641 0.1026
0.5897 0.2308 0.0769 0.1026
0.2821 0.4359 0.0769 0.2051
0.0256 0.1795 0.6667 0.1282
0.3590 0.1795 0.0769 0.3846
0.6667 0.2821 0.0256 0.0256
0.0513 0.0513 0.8718 0.0256

MOTIF filter34
letter-probability matrix: alength= 4 w= 24 nsites= 40
0.7500 0.1364 0.0682 0.0455
0.1136 0.0455 0.4545 0.3864
0.1136 0.1818 0.2955 0.4091
0.8409 0.0682 0.0455 0.0455
0.1364 0.1818 0.1591 0.5227
0.7500 0.0682 0.0909 0.0909
0.4773 0.1364 0.0227 0.3636
0.8182 0.0227 0.0682 0.0909
0.1818 0.2273 0.0227 0.5682
0.1818 0.0455 0.0455 0.7273
0.5227 0.2727 0.0682 0.1364
0.8636 0.0455 0.0227 0.0682
0.0455 0.0227 0.2273 0.7045
0.4091 0.1136 0.0227 0.4545
0.2500 0.0455 0.3182 0.3864
0.2727 0.0455 0.0227 0.6591
0.3409 0.0227 0.3182 0.3182
0.6818 0.0455 0.0227 0.2500
0.7500 0.1136 0.0682 0.0682
0.2045 0.1364 0.0682 0.5909
0.3864 0.0455 0.4318 0.1364
0.6818 0.0909 0.0682 0.1591
0.5682 0.0455 0.0455 0.3409
0.4091 0.0682 0.0455 0.4773

MOTIF filter35
letter-probability matrix: alength= 4 w= 24 nsites= 158
0.3580 0.0802 0.2284 0.3333
0.1420 0.0370 0.7284 0.0926
0.2099 0.0062 0.0617 0.7222
0.3333 0.0123 0.1111 0.5432
0.2963 0.0988 0.2346 0.3704
0.4136 0.4568 0.1111 0.0185
0.4444 0.1358 0.0556 0.3642
0.1790 0.1605 0.0309 0.6296
0.3827 0.1790 0.4012 0.0370
0.3951 0.2407 0.0864 0.2778
0.1728 0.1049 0.5185 0.2037
0.7716 0.0679 0.0926 0.0679
0.5247 0.1049 0.3580 0.0123
0.6296 0.1049 0.0185 0.2469
0.4568 0.1296 0.0247 0.3889
0.1852 0.0185 0.5926 0.2037
0.2778 0.1049 0.5247 0.0926
0.2222 0.3951 0.0062 0.3765
0.1914 0.1235 0.0432 0.6420
0.1481 0.4938 0.1296 0.2284
0.7407 0.1605 0.0370 0.0617
0.2593 0.0185 0.2469 0.4753
0.6543 0.0556 0.0926 0.1975
0.4568 0.2716 0.0123 0.2593

MOTIF filter36
letter-probability matrix: alength= 4 w= 24 nsites= 35
0.1795 0.0256 0.2051 0.5897
0.4103 0.0256 0.1538 0.4103
0.0513 0.3590 0.0513 0.5385
0.6410 0.0513 0.1795 0.1282
0.2051 0.0256 0.1026 0.6667
0.1282 0.3590 0.4359 0.0769
0.1538 0.2821 0.1538 0.4103
0.3333 0.2051 0.4103 0.0513
0.1026 0.0769 0.2308 0.5897
0.0769 0.0513 0.2051 0.6667
0.1282 0.3077 0.2051 0.3590
0.2821 0.0256 0.0769 0.6154
0.1795 0.0256 0.0256 0.7692
0.0769 0.0513 0.3077 0.5641
0.9231 0.0256 0.0256 0.0256
0.2051 0.2308 0.0513 0.5128
0.3333 0.0256 0.5641 0.0769
0.5897 0.0256 0.1282 0.2564
0.3590 0.0256 0.1538 0.4615
0.3846 0.3333 0.0769 0.2051
0.4359 0.0769 0.4615 0.0256
0.0256 0.1795 0.0256 0.7692
0.0256 0.0513 0.2821 0.6410
0.0256 0.0513 0.0513 0.8718

MOTIF filter37
letter-probability matrix: alength= 4 w= 24 nsites= 106
0.1091 0.1455 0.2909 0.4545
0.5818 0.0273 0.2091 0.1818
0.2091 0.6091 0.1000 0.0818
0.2364 0.1455 0.4091 0.2091
0.2455 0.2182 0.2455 0.2909
0.1545 0.6909 0.0091 0.1455
0.6000 0.0455 0.0364 0.3182
0.0909 0.3182 0.3545 0.2364
0.3636 0.5364 0.0727 0.0273
0.2273 0.1182 0.3455 0.3091
0.6091 0.0727 0.1091 0.2091
0.6273 0.2636 0.0545 0.0545
0.6818 0.0182 0.0182 0.2818
0.0818 0.3818 0.4000 0.1364
0.1636 0.6727 0.1455 0.0182
0.2455 0.0182 0.1273 0.6091
0.1091 0.0091 0.4182 0.4636
0.1000 0.6000 0.2000 0.1000
0.1455 0.0818 0.0273 0.7455
0.0545 0.1364 0.2818 0.5273
0.0818 0.6727 0.0364 0.2091
0.4091 0.0364 0.0364 0.5182
0.7455 0.1455 0.1000 0.0091
0.6182 0.3000 0.0091 0.0727

MOTIF filter38
letter-probability matrix: alength= 4 w= 24 nsites= 75
0.0253 0.5190 0.3291 0.1266
0.0886 0.0506 0.2658 0.5949
0.3291 0.0127 0.1139 0.5443
0.0127 0.4051 0.4557 0.1266
0.2152 0.0886 0.3291 0.3671
0.0506 0.1519 0.0506 0.7468
0.0506 0.7342 0.0633 0.1519
0.4177 0.0127 0.0380 0.5316
0.1519 0.0633 0.1013 0.6835
0.0127 0.5316 0.4430 0.0127
0.5570 0.0633 0.2278 0.1519
0.5063 0.1013 0.2152 0.1772
0.1139 0.4430 0.3165 0.1266
0.1013 0.1646 0.1899 0.5443
0.2658 0.3165 0.0253 0.3924
0.0506 0.4430 0.1519 0.3544
0.0633 0.0506 0.2152 0.6709
0.1139 0.1392 0.1013 0.6456
0.0127 0.7722 0.0633 0.1519
0.7595 0.0759 0.0506 0.1139
0.4557 0.1772 0.1899 0.1772
0.0127 0.5696 0.1519 0.2658
0.3165 0.1519 0.3418 0.1899
0.5063 0.1266 0.1392 0.2278

MOTIF filter39
letter-probability matrix: alength= 4 w= 24 nsites= 174
0.4213 0.5393 0.0112 0.0281
0.2303 0.2079 0.0955 0.4663
0.1910 0.0281 0.6910 0.0899
0.1461 0.2472 0.0393 0.5674
0.5112 0.0393 0.2135 0.2360
0.3034 0.1180 0.5562 0.0225
0.6798 0.0730 0.1966 0.0506
0.7528 0.1180 0.1011 0.0281
0.4494 0.0618 0.3989 0.0899
0.7528 0.0225 0.0169 0.2079
0.8539 0.0562 0.0281 0.0618
0.1236 0.2528 0.5000 0.1236
0.4438 0.2753 0.2472 0.0337
0.7022 0.0674 0.1124 0.1180
0.4888 0.0281 0.1067 0.3764
0.6011 0.0169 0.0169 0.3652
0.3652 0.1966 0.1292 0.3090
0.3315 0.3090 0.2022 0.1573
0.2865 0.0281 0.0281 0.6573
0.2022 0.1461 0.4663 0.1854
0.2978 0.0674 0.3933 0.2416
0.5787 0.1685 0.0730 0.1798
0.3315 0.2809 0.0393 0.3483
0.3034 0.0618 0.5730 0.0618

MOTIF filter40
letter-probability matrix: alength= 4 w= 24 nsites= 34
0.2105 0.1579 0.5263 0.1053
0.8684 0.0526 0.0526 0.0263
0.2632 0.3947 0.3158 0.0263
0.8158 0.0263 0.1053 0.0526
0.4737 0.0526 0.4474 0.0263
0.3158 0.0263 0.0263 0.6316
0.1316 0.0263 0.1842 0.6579
0.2105 0.1053 0.5263 0.1579
0.0789 0.2368 0.1316 0.5526
0.1316 0.0263 0.4211 0.4211
0.2368 0.1579 0.5526 0.0526
0.6579 0.1053 0.1053 0.1316
0.5526 0.0263 0.3684 0.0526
0.4474 0.1579 0.3684 0.0263
0.6842 0.0263 0.2368 0.0526
0.4211 0.1053 0.3684 0.1053
0.6579 0.1579 0.0263 0.1579
0.4737 0.0526 0.2368 0.2368
0.4211 0.0263 0.5000 0.0526
0.2895 0.1316 0.0263 0.5526
0.2105 0.1053 0.5526 0.1316
0.3947 0.1316 0.3158 0.1579
0.6842 0.0263 0.0789 0.2105
0.1579 0.1316 0.3158 0.3947

MOTIF filter41
letter-probability matrix: alength= 4 w= 24 nsites= 64
0.0882 0.5147 0.0294 0.3676
0.1029 0.0441 0.0441 0.8088
0.4265 0.3235 0.0441 0.2059
0.1471 0.2353 0.0735 0.5441
0.0735 0.2647 0.0294 0.6324
0.2500 0.1471 0.0441 0.5588
0.1765 0.1471 0.0882 0.5882
0.0147 0.0147 0.0147 0.9559
0.5294 0.0294 0.0441 0.3971
0.3382 0.0735 0.0441 0.5441
0.0441 0.1324 0.0147 0.8088
0.1176 0.0294 0.1029 0.7500
0.0441 0.0588 0.1029 0.7941
0.5882 0.1471 0.0588 0.2059
0.2647 0.2500 0.2206 0.2647
0.0147 0.0147 0.1618 0.8088
0.0147 0.0147 0.0441 0.9265
0.0147 0.1471 0.0882 0.7500
0.0735 0.0588 0.0588 0.8088
0.3529 0.3235 0.1029 0.2206
0.0294 0.3088 0.2206 0.4412
0.0441 0.0147 0.0882 0.8529
0.1324 0.0294 0.0147 0.8235
0.2647 0.0294 0.0735 0.6324

MOTIF filter42
letter-probability matrix: alength= 4 w= 24 nsites= 32
0.7500 0.1389 0.0278 0.0833
0.2778 0.2500 0.4444 0.0278
0.0278 0.1111 0.1111 0.7500
0.0833 0.0278 0.6111 0.2778
0.0556 0.0278 0.5278 0.3889
0.3889 0.0556 0.0833 0.4722
0.0278 0.1667 0.0833 0.7222
0.5556 0.0278 0.0833 0.3333
0.0278 0.3056 0.0278 0.6389
0.3333 0.0278 0.2778 0.3611
0.0278 0.2222 0.2222 0.5278
0.6389 0.1389 0.1111 0.1111
0.2778 0.0278 0.1111 0.5833
0.0556 0.0833 0.0278 0.8333
0.2222 0.5278 0.2222 0.0278
0.0278 0.4444 0.0278 0.5000
0.5556 0.1667 0.2222 0.0556
0.6944 0.0556 0.1944 0.0556
0.0278 0.6944 0.1667 0.1111
0.4167 0.0278 0.0278 0.5278
0.3333 0.0556 0.4722 0.1389
0.3333 0.1111 0.2222 0.3333
0.1944 0.0833 0.4444 0.2778
0.3333 0.4167 0.1111 0.1389

MOTIF filter43
letter-probability matrix: alength= 4 w= 24 nsites= 78
0.3659 0.2927 0.1341 0.2073
0.0732 0.0976 0.2317 0.5976
0.0366 0.6585 0.0976 0.2073
0.1951 0.3415 0.0732 0.3902
0.1951 0.0610 0.1707 0.5732
0.1341 0.2805 0.0122 0.5732
0.0366 0.6220 0.2195 0.1220
0.0854 0.4268 0.4634 0.0244
0.5244 0.4268 0.0122 0.0366
0.4878 0.2439 0.1220 0.1463
0.4634 0.4146 0.0976 0.0244
0.0610 0.7317 0.0122 0.1951
0.6341 0.1098 0.1585 0.0976
0.0976 0.0488 0.3902 0.4634
0.0488 0.7317 0.0244 0.1951
0.3780 0.3171 0.2805 0.0244
0.5244 0.0976 0.0366 0.3415
0.3171 0.2195 0.3171 0.1463
0.4634 0.1707 0.3171 0.0488
0.2927 0.0732 0.5122 0.1220
0.4268 0.3415 0.0122 0.2195
0.5000 0.0610 0.0854 0.3537
0.0488 0.2927 0.4146 0.2439
0.3293 0.2561 0.2683 0.1463

MOTIF filter44
letter-probability matrix: alength= 4 w= 24 nsites= 37
0.3659 0.1707 0.1951 0.2683
0.4878 0.0244 0.2927 0.1951
0.6585 0.0732 0.2439 0.0244
0.3659 0.2683 0.3415 0.0244
0.6585 0.0976 0.0488 0.1951
0.2195 0.4878 0.0488 0.2439
0.3902 0.0488 0.0732 0.4878
0.1951 0.1463 0.4634 0.1951
0.1463 0.0244 0.4146 0.4146
0.0732 0.7561 0.1220 0.0488
0.1220 0.5610 0.0488 0.2683
0.4634 0.0244 0.2927 0.2195
0.6098 0.0732 0.2683 0.0488
0.5610 0.0976 0.2683 0.0732
0.1707 0.3902 0.2195 0.2195
0.4878 0.0488 0.3659 0.0976
0.5610 0.3415 0.0244 0.0732
0.0244 0.5854 0.1951 0.1951
0.0244 0.0244 0.1220 0.8293
0.2439 0.3659 0.1707 0.2195
0.4634 0.0244 0.0488 0.4634
0.0976 0.3415 0.0976 0.4634
0.2439 0.0732 0.3659 0.3171
0.0976 0.0244 0.1463 0.7317

MOTIF filter45
letter-probability matrix: alength= 4 w= 24 nsites= 34
0.7105 0.0263 0.2105 0.0526
0.2368 0.0789 0.1842 0.5000
0.1579 0.0789 0.4474 0.3158
0.5526 0.0526 0.2632 0.1316
0.1053 0.8158 0.0263 0.0526
0.1316 0.2895 0.0789 0.5000
0.3947 0.0263 0.3947 0.1842
0.0263 0.0263 0.1053 0.8421
0.0263 0.0263 0.0263 0.9211
0.1579 0.0263 0.1053 0.7105
0.0263 0.6842 0.0263 0.2632
0.0789 0.2632 0.2368 0.4211
0.2632 0.3684 0.3421 0.0263
0.7368 0.0263 0.0263 0.2105
0.6316 0.0526 0.0263 0.2895
0.1316 0.2632 0.2368 0.3684
0.3684 0.5526 0.0526 0.0263
0.0789 0.0526 0.0789 0.7895
0.0263 0.0526 0.2632 0.6579
0.0526 0.1842 0.0526 0.7105
0.0789 0.3684 0.2368 0.3158
0.2105 0.2368 0.2895 0.2632
0.1053 0.0789 0.3947 0.4211
0.1053 0.4737 0.1579 0.2632

MOTIF filter46
letter-probability matrix: alength= 4 w= 24 nsites= 57
0.1148 0.5738 0.2459 0.0656
0.1639 0.3607 0.3115 0.1639
0.0656 0.2295 0.0164 0.6885
0.1475 0.2295 0.1311 0.4918
0.5902 0.1311 0.0164 0.2623
0.3934 0.1967 0.3443 0.0656
0.3443 0.1475 0.1311 0.3770
0.1475 0.4918 0.3115 0.0492
0.2295 0.3279 0.0328 0.4098
0.0984 0.0984 0.5410 0.2623
0.5738 0.0656 0.0328 0.3279
0.6066 0.2459 0.0820 0.0656
0.3443 0.0328 0.2295 0.3934
0.0984 0.0656 0.6557 0.1803
0.3934 0.3115 0.1967 0.0984
0.0164 0.0492 0.0492 0.8852
0.2295 0.0820 0.0820 0.6066
0.4918 0.2623 0.0984 0.1475
0.8689 0.0492 0.0656 0.0164
0.1148 0.0492 0.6066 0.2295
0.5410 0.0656 0.2951 0.0984
0.1311 0.2623 0.3770 0.2295
0.2623 0.1803 0.0984 0.4590
0.1311 0.2623 0.5410 0.0656

MOTIF filter47
letter-probability matrix: alength= 4 w= 24 nsites= 79
0.0843 0.3373 0.0723 0.5060
0.2530 0.2651 0.3735 0.1084
0.2651 0.0964 0.2289 0.4096
0.1687 0.2410 0.0120 0.5783
0.1084 0.0723 0.3373 0.4819
0.3373 0.1566 0.3133 0.1928
0.0964 0.3133 0.0120 0.5783
0.1566 0.2530 0.0964 0.4940
0.0120 0.0120 0.3735 0.6024
0.0723 0.0723 0.3373 0.5181
0.0241 0.0241 0.4940 0.4578
0.2169 0.3373 0.3373 0.1084
0.0241 0.0602 0.0120 0.9036
0.4337 0.0120 0.0723 0.4819
0.1446 0.3614 0.2892 0.2048
0.0723 0.4337 0.0120 0.4819
0.4940 0.0482 0.3012 0.1566
0.1205 0.5422 0.0723 0.2651
0.1084 0.0241 0.0120 0.8554
0.2169 0.0361 0.6988 0.0482
0.1084 0.0361 0.1325 0.7229
0.0120 0.0120 0.0120 0.9639
0.0964 0.0361 0.4819 0.3855
0.0964 0.1205 0.0723 0.7108

MOTIF filter48
letter-probability matrix: alength= 4 w= 24 nsites= 48
0.6731 0.0769 0.1923 0.0577
0.5962 0.0769 0.2115 0.1154
0.2308 0.5577 0.1731 0.0385
0.1346 0.0769 0.4615 0.3269
0.1731 0.2308 0.1346 0.4615
0.9038 0.0192 0.0385 0.0385
0.6923 0.0577 0.0769 0.1731
0.6346 0.2115 0.0192 0.1346
0.2115 0.0769 0.2885 0.4231
0.0192 0.2500 0.1538 0.5769
0.8654 0.0385 0.0769 0.0192
0.3269 0.0192 0.5577 0.0962
0.4615 0.2308 0.0192 0.2885
0.6731 0.1154 0.0192 0.1923
0.2692 0.1538 0.1538 0.4231
0.5577 0.0577 0.0385 0.3462
0.2115 0.3846 0.2692 0.1346
0.8269 0.0385 0.0577 0.0769
0.2500 0.1731 0.2115 0.3654
0.2692 0.2885 0.1538 0.2885
0.3462 0.1731 0.2692 0.2115
0.1154 0.0192 0.4038 0.4615
0.3846 0.0385 0.3077 0.2692
0.8846 0.0192 0.0769 0.0192

MOTIF filter49
letter-probability matrix: alength= 4 w= 24 nsites= 28
0.0312 0.0938 0.0938 0.7812
0.0312 0.4375 0.1562 0.3750
0.3125 0.0312 0.3125 0.3438
0.6562 0.0938 0.0625 0.1875
0.6250 0.0938 0.1875 0.0938
0.2500 0.0625 0.5000 0.1875
0.0625 0.0625 0.0312 0.8438
0.3438 0.0625 0.1875 0.4062
0.3438 0.5000 0.0938 0.0625
0.0312 0.3750 0.0312 0.5625
0.2812 0.1562 0.2188 0.3438
0.6875 0.2188 0.0625 0.0312
0.4375 0.0625 0.2500 0.2500
0.0625 0.0312 0.0312 0.8750
0.2812 0.2812 0.0312 0.4062
0.3438 0.0312 0.0312 0.5938
0.0625 0.3125 0.0625 0.5625
0.7812 0.1250 0.0625 0.0312
0.0625 0.0938 0.2500 0.5938
0.0312 0.1250 0.1562 0.6875
0.1250 0.1875 0.2812 0.4062
0.3438 0.1875 0.1562 0.3125
0.2500 0.3125 0.0312 0.4062
0.1562 0.0625 0.0625 0.7188

MOTIF filter50
letter-probability matrix: alength= 4 w= 24 nsites= 69
0.3014 0.1096 0.2329 0.3562
0.2055 0.3151 0.0822 0.3973
0.3973 0.3151 0.0548 0.2329
0.1370 0.3973 0.3014 0.1644
0.2055 0.0548 0.5890 0.1507
0.8904 0.0274 0.0274 0.0548
0.1233 0.4658 0.3699 0.0411
0.1096 0.3288 0.2466 0.3151
0.0685 0.2466 0.4932 0.1918
0.1233 0.1096 0.0137 0.7534
0.3151 0.2466 0.0959 0.3425
0.0822 0.1096 0.4247 0.3836
0.2877 0.1370 0.0274 0.5479
0.1233 0.0548 0.5479 0.2740
0.4110 0.0822 0.1233 0.3836
0.0274 0.2466 0.6849 0.0411
0.3288 0.0137 0.5753 0.0822
0.4795 0.2877 0.1507 0.0822
0.0822 0.3288 0.0411 0.5479
0.0274 0.0959 0.0548 0.8219
0.0822 0.4384 0.1233 0.3562
0.7123 0.0137 0.0959 0.1781
0.6849 0.1370 0.0548 0.1233
0.3973 0.0685 0.2055 0.3288

MOTIF filter51
letter-probability matrix: alength= 4 w= 24 nsites= 178
0.3736 0.0055 0.3736 0.2473
0.1868 0.3846 0.2747 0.1538
0.0275 0.3901 0.0385 0.5440
0.3956 0.0055 0.5110 0.0879
0.1484 0.1978 0.5440 0.1099
0.0769 0.3077 0.0110 0.6044
0.3352 0.2363 0.3462 0.0824
0.2033 0.4835 0.1099 0.2033
0.1703 0.4725 0.0659 0.2912
0.5275 0.0055 0.2143 0.2527
0.0879 0.3407 0.2253 0.3462
0.0659 0.8736 0.0220 0.0385
0.6923 0.0714 0.0879 0.1484
0.4615 0.1484 0.2308 0.1593
0.1593 0.7308 0.0769 0.0330
0.5330 0.1319 0.2637 0.0714
0.8462 0.0385 0.0989 0.0165
0.5275 0.2857 0.1264 0.0604
0.7418 0.0330 0.1813 0.0440
0.4780 0.1319 0.3736 0.0165
0.3022 0.3571 0.0110 0.3297
0.5824 0.0055 0.2912 0.1209
0.1484 0.1758 0.4560 0.2198
0.1923 0.4890 0.0275 0.2912

MOTIF filter52
letter-probability matrix: alength= 4 w= 24 nsites= 204
0.4663 0.3798 0.0721 0.0817
0.7692 0.0577 0.1010 0.0721
0.8702 0.0048 0.1202 0.0048
0.5721 0.0096 0.3990 0.0192
0.6058 0.2933 0.0385 0.0625
0.2067 0.1875 0.2308 0.3750
0.2548 0.2212 0.2163 0.3077
0.2788 0.0192 0.4471 0.2548
0.7596 0.0577 0.1683 0.0144
0.8173 0.0288 0.1298 0.0240
0.6923 0.0769 0.1058 0.1250
0.2740 0.1923 0.1779 0.3558
0.3077 0.1779 0.2500 0.2644
0.6154 0.3077 0.0433 0.0337
0.4471 0.1106 0.1106 0.3317
0.5962 0.1875 0.0817 0.1346
0.6490 0.0817 0.2260 0.0433
0.8317 0.0337 0.0240 0.1106
0.2596 0.1490 0.2452 0.3462
0.3413 0.2212 0.2260 0.2115
0.3702 0.2115 0.2115 0.2067
0.7115 0.1635 0.1106 0.0144
0.1683 0.2019 0.6010 0.0288
0.7260 0.0865 0.0433 0.1442

MOTIF filter53
letter-probability matrix: alength= 4 w= 24 nsites= 37
0.1220 0.3415 0.0488 0.4878
0.3171 0.3415 0.2683 0.0732
0.6341 0.1220 0.0244 0.2195
0.1707 0.0732 0.0488 0.7073
0.0488 0.0244 0.8780 0.0488
0.7317 0.1220 0.0244 0.1220
0.6098 0.0976 0.0976 0.1951
0.1951 0.2195 0.1951 0.3902
0.2927 0.0732 0.0488 0.5854
0.0732 0.0244 0.0732 0.8293
0.0732 0.0976 0.8049 0.0244
0.1707 0.1707 0.0488 0.6098
0.4878 0.2683 0.0732 0.1707
0.1220 0.3902 0.1220 0.3659
0.3171 0.1463 0.1220 0.4146
0.0976 0.3902 0.1463 0.3659
