MEME version 4

ALPHABET= ACGT

Background letter frequencies:
A 0.3659 C 0.1319 G 0.1360 T 0.3661

MOTIF filter0
letter-probability matrix: alength= 4 w= 24 nsites= 148
0.2763 0.1711 0.0789 0.4737
0.3092 0.2105 0.0789 0.4013
0.3553 0.0658 0.1974 0.3816
0.3158 0.1184 0.1316 0.4342
0.3618 0.0789 0.1776 0.3816
0.3158 0.0592 0.2105 0.4145
0.3224 0.1513 0.1382 0.3882
0.3158 0.1974 0.0987 0.3882
0.4013 0.0987 0.1842 0.3158
0.3026 0.1053 0.2039 0.3882
0.2829 0.1316 0.1711 0.4145
0.3882 0.1711 0.1184 0.3224
0.3158 0.2171 0.0461 0.4211
0.3158 0.1513 0.1118 0.4211
0.3289 0.2039 0.1053 0.3618
0.3553 0.1382 0.1447 0.3618
0.3289 0.1447 0.1645 0.3618
0.3816 0.1316 0.1316 0.3553
0.3882 0.0855 0.1447 0.3816
0.3355 0.1382 0.1447 0.3816
0.3947 0.1118 0.1118 0.3816
0.3816 0.0592 0.0921 0.4671
0.3947 0.0855 0.1118 0.4079
0.3684 0.0724 0.0789 0.4803

MOTIF filter1
letter-probability matrix: alength= 4 w= 24 nsites= 97
0.5149 0.3168 0.0594 0.1089
0.3465 0.2772 0.0891 0.2871
0.3267 0.3168 0.0990 0.2574
0.3861 0.0891 0.2673 0.2574
0.4653 0.0891 0.1287 0.3168
0.5050 0.0594 0.1089 0.3267
0.4950 0.0891 0.1386 0.2772
0.3465 0.0594 0.3366 0.2574
0.3663 0.0594 0.2673 0.3069
0.5050 0.0495 0.1287 0.3168
0.4455 0.0495 0.2277 0.2772
0.3366 0.1782 0.0594 0.4257
0.4554 0.1089 0.0990 0.3366
0.4059 0.0594 0.1386 0.3960
0.3762 0.0792 0.0990 0.4455
0.5050 0.0990 0.0792 0.3168
0.3564 0.0495 0.1782 0.4158
0.3564 0.1287 0.1386 0.3762
0.4752 0.1485 0.0693 0.3069
0.5050 0.1089 0.1287 0.2574
0.3465 0.0990 0.1386 0.4158
0.4653 0.0891 0.0594 0.3861
0.3366 0.0891 0.0990 0.4752
0.3762 0.0891 0.1287 0.4059

MOTIF filter2
letter-probability matrix: alength= 4 w= 24 nsites= 274
0.4209 0.1763 0.1978 0.2050
0.3345 0.2266 0.2338 0.2050
0.3345 0.1619 0.2374 0.2662
0.2626 0.1511 0.3525 0.2338
0.2770 0.1439 0.3129 0.2662
0.3741 0.1583 0.1403 0.3273
0.2734 0.1583 0.2626 0.3058
0.2770 0.1619 0.1583 0.4029
0.3489 0.1691 0.1799 0.3022
0.3705 0.1187 0.1835 0.3273
0.3094 0.1403 0.2374 0.3129
0.3417 0.1691 0.1691 0.3201
0.3741 0.1259 0.1799 0.3201
0.3165 0.1763 0.1942 0.3129
0.3813 0.1727 0.1223 0.3237
0.3777 0.1619 0.1619 0.2986
0.3022 0.1763 0.1727 0.3489
0.3957 0.1511 0.1367 0.3165
0.3597 0.1187 0.1727 0.3489
0.3022 0.1978 0.1151 0.3849
0.3705 0.1511 0.1439 0.3345
0.3525 0.1259 0.1942 0.3273
0.3094 0.1727 0.1583 0.3597
0.3489 0.1619 0.1403 0.3489

MOTIF filter3
letter-probability matrix: alength= 4 w= 24 nsites= 88
0.5109 0.1196 0.2391 0.1304
0.3152 0.1739 0.1630 0.3478
0.2609 0.2283 0.1522 0.3587
0.3804 0.2283 0.1739 0.2174
0.2826 0.2283 0.2174 0.2717
0.4022 0.2391 0.1304 0.2283
0.3913 0.1413 0.1304 0.3370
0.3587 0.0978 0.1630 0.3804
0.3261 0.2065 0.0978 0.3696
0.3370 0.1304 0.1848 0.3478
0.3043 0.2174 0.2065 0.2717
0.2826 0.1522 0.1522 0.4130
0.3043 0.1522 0.1522 0.3913
0.3804 0.1848 0.2065 0.2283
0.3913 0.1413 0.1630 0.3043
0.3913 0.1304 0.2174 0.2609
0.3913 0.1522 0.1413 0.3152
0.2609 0.1196 0.1522 0.4674
0.3913 0.1522 0.1739 0.2826
0.3370 0.1196 0.1739 0.3696
0.2935 0.1630 0.1630 0.3804
0.3696 0.1522 0.1739 0.3043
0.3587 0.1630 0.1413 0.3370
0.3261 0.1630 0.1630 0.3478

MOTIF filter4
letter-probability matrix: alength= 4 w= 24 nsites= 144
0.3919 0.0946 0.2703 0.2432
0.5000 0.0946 0.1081 0.2973
0.3716 0.1014 0.1284 0.3986
0.4122 0.0878 0.1014 0.3986
0.3784 0.0946 0.1216 0.4054
0.3716 0.1622 0.1284 0.3378
0.3716 0.0946 0.1216 0.4122
0.3784 0.1486 0.1216 0.3514
0.3649 0.0946 0.1216 0.4189
0.4122 0.1824 0.1216 0.2838
0.3784 0.1554 0.1351 0.3311
0.3446 0.1149 0.1351 0.4054
0.3986 0.1216 0.1149 0.3649
0.3041 0.2027 0.0878 0.4054
0.3108 0.1149 0.1419 0.4324
0.4189 0.1419 0.0811 0.3581
0.3919 0.1622 0.1351 0.3108
0.3581 0.1351 0.1554 0.3514
0.3919 0.1014 0.0878 0.4189
0.3176 0.0946 0.1081 0.4797
0.4459 0.1284 0.1216 0.3041
0.3176 0.1824 0.2027 0.2973
0.3446 0.1351 0.1892 0.3311
0.3716 0.1486 0.1419 0.3378

MOTIF filter5
letter-probability matrix: alength= 4 w= 24 nsites= 762
0.7023 0.0157 0.0274 0.2546
0.4099 0.0287 0.0300 0.5313
0.5196 0.0366 0.0235 0.4204
0.4608 0.0248 0.0313 0.4830
0.5104 0.0418 0.0313 0.4164
0.4217 0.0522 0.0418 0.4843
0.5026 0.0444 0.0405 0.4125
0.4204 0.0405 0.0548 0.4843
0.4843 0.0561 0.0483 0.4112
0.4491 0.0431 0.0535 0.4543
0.4556 0.0718 0.0535 0.4191
0.4308 0.0640 0.0653 0.4399
0.4935 0.0627 0.0483 0.3956
0.3681 0.0587 0.0822 0.4909
0.4465 0.0679 0.0705 0.4151
0.4164 0.0627 0.0640 0.4569
0.4282 0.0744 0.0705 0.4269
0.3851 0.0809 0.0809 0.4530
0.4034 0.0849 0.0862 0.4256
0.4060 0.0574 0.0770 0.4595
0.3890 0.0744 0.0822 0.4543
0.4125 0.0862 0.0718 0.4295
0.4034 0.0914 0.0927 0.4125
0.4191 0.0875 0.0692 0.4243

MOTIF filter6
letter-probability matrix: alength= 4 w= 24 nsites= 201
0.3317 0.2341 0.3024 0.1317
0.3561 0.1268 0.1268 0.3902
0.4049 0.1366 0.1366 0.3220
0.3854 0.0976 0.1317 0.3854
0.3268 0.1122 0.1561 0.4049
0.3854 0.1366 0.1707 0.3073
0.3220 0.1610 0.1805 0.3366
0.3854 0.1024 0.1512 0.3610
0.2878 0.1220 0.2049 0.3854
0.3220 0.1073 0.1854 0.3854
0.3512 0.1317 0.1707 0.3463
0.3171 0.1756 0.1268 0.3805
0.3854 0.1366 0.1512 0.3268
0.3707 0.1366 0.1171 0.3756
0.3805 0.0976 0.1463 0.3756
0.4341 0.1902 0.0829 0.2927
0.3756 0.1512 0.0927 0.3805
0.3561 0.1463 0.1073 0.3902
0.2976 0.1854 0.1220 0.3951
0.3171 0.1317 0.1463 0.4049
0.3561 0.1659 0.1415 0.3366
0.3512 0.1707 0.1610 0.3171
0.3561 0.1463 0.1756 0.3220
0.3610 0.1707 0.1561 0.3122

MOTIF filter7
letter-probability matrix: alength= 4 w= 24 nsites= 182
0.2796 0.2957 0.3333 0.0914
0.3656 0.1882 0.2634 0.1828
0.3710 0.2043 0.2312 0.1935
0.2258 0.3065 0.1505 0.3172
0.2688 0.2796 0.2473 0.2043
0.2796 0.2581 0.2419 0.2204
0.3280 0.2097 0.1559 0.3065
0.3226 0.1667 0.3011 0.2097
0.3441 0.1828 0.2151 0.2581
0.3495 0.1237 0.1613 0.3656
0.4140 0.1613 0.2258 0.1989
0.2742 0.1989 0.2903 0.2366
0.3118 0.2097 0.2151 0.2634
0.4086 0.0968 0.2097 0.2849
0.2419 0.1828 0.2581 0.3172
0.3172 0.1452 0.1129 0.4247
0.3280 0.1452 0.1774 0.3495
0.2742 0.1398 0.2204 0.3656
0.3710 0.1613 0.1237 0.3441
0.3280 0.0860 0.2204 0.3656
0.3065 0.1774 0.1344 0.3817
0.3226 0.1344 0.1237 0.4194
0.3548 0.1237 0.2258 0.2957
0.3710 0.1559 0.1828 0.2903

MOTIF filter8
letter-probability matrix: alength= 4 w= 24 nsites= 221
0.2844 0.4978 0.0978 0.1200
0.1956 0.1867 0.3333 0.2844
0.3067 0.1689 0.1378 0.3867
0.3733 0.1689 0.2089 0.2489
0.2578 0.1733 0.2533 0.3156
0.2089 0.2711 0.2222 0.2978
0.2711 0.2400 0.2178 0.2711
0.3556 0.1956 0.1956 0.2533
0.2711 0.1733 0.2178 0.3378
0.3644 0.1644 0.1911 0.2800
0.2444 0.2178 0.2000 0.3378
0.2711 0.1778 0.1956 0.3556
0.3244 0.1867 0.1822 0.3067
0.3111 0.2000 0.1600 0.3289
0.2711 0.1600 0.1556 0.4133
0.3022 0.1422 0.2400 0.3156
0.3956 0.1111 0.1911 0.3022
0.4178 0.1333 0.1778 0.2711
0.3067 0.1733 0.2222 0.2978
0.3067 0.1511 0.1644 0.3778
0.2800 0.1422 0.1644 0.4133
0.3822 0.1422 0.1644 0.3111
0.3689 0.1244 0.1822 0.3244
0.3200 0.1511 0.1378 0.3911

MOTIF filter9
letter-probability matrix: alength= 4 w= 24 nsites= 174
0.4270 0.0337 0.1236 0.4157
0.3146 0.1180 0.1517 0.4157
0.3764 0.1573 0.1180 0.3483
0.3146 0.1124 0.1180 0.4551
0.3652 0.1124 0.1573 0.3652
0.2472 0.1124 0.1742 0.4663
0.3708 0.1292 0.1966 0.3034
0.2809 0.1067 0.1685 0.4438
0.3427 0.1517 0.0899 0.4157
0.4101 0.1124 0.1292 0.3483
0.3764 0.1236 0.1910 0.3090
0.3371 0.1573 0.1404 0.3652
0.3202 0.1629 0.1124 0.4045
0.3202 0.1348 0.1685 0.3764
0.2978 0.2135 0.1348 0.3539
0.3820 0.1348 0.1348 0.3483
0.3034 0.1798 0.1067 0.4101
0.3483 0.1348 0.1461 0.3708
0.4326 0.1236 0.1011 0.3427
0.3596 0.1067 0.1573 0.3764
0.3090 0.1573 0.1124 0.4213
0.3427 0.1348 0.1685 0.3539
0.3146 0.1966 0.1348 0.3539
0.3371 0.1180 0.1180 0.4270

MOTIF filter10
letter-probability matrix: alength= 4 w= 24 nsites= 91
0.5263 0.1158 0.2947 0.0632
0.2737 0.2421 0.2421 0.2421
0.2737 0.1684 0.2526 0.3053
0.3053 0.2000 0.2421 0.2526
0.2737 0.2842 0.2316 0.2105
0.2526 0.1895 0.2737 0.2842
0.2632 0.1053 0.2316 0.4000
0.3368 0.1474 0.1895 0.3263
0.2737 0.1684 0.2421 0.3158
0.2842 0.1474 0.1684 0.4000
0.3895 0.1579 0.1684 0.2842
0.2632 0.1263 0.1789 0.4316
0.2526 0.2000 0.1895 0.3579
0.3684 0.2105 0.1263 0.2947
0.2947 0.1895 0.2421 0.2737
0.3895 0.1368 0.2000 0.2737
0.3579 0.1368 0.2316 0.2737
0.3053 0.2211 0.1053 0.3684
0.3579 0.2211 0.1053 0.3158
0.4000 0.2105 0.1158 0.2737
0.3263 0.1579 0.2000 0.3158
0.3789 0.1684 0.1263 0.3263
0.3684 0.1263 0.1474 0.3579
0.3158 0.1368 0.2000 0.3474

MOTIF filter11
letter-probability matrix: alength= 4 w= 24 nsites= 65
0.5217 0.1304 0.2899 0.0580
0.2464 0.2754 0.2319 0.2464
0.2899 0.1739 0.3333 0.2029
0.2899 0.2319 0.2464 0.2319
0.2174 0.2029 0.3043 0.2754
0.2899 0.2464 0.2029 0.2609
0.1739 0.2609 0.3043 0.2609
0.1449 0.2754 0.2319 0.3478
0.2899 0.2754 0.1449 0.2899
0.2174 0.1594 0.3333 0.2899
0.2899 0.1594 0.2754 0.2754
0.3188 0.1884 0.2609 0.2319
0.3913 0.2029 0.1449 0.2609
0.3188 0.3188 0.2029 0.1594
0.2609 0.2754 0.1884 0.2754
0.2464 0.2899 0.1884 0.2754
0.2899 0.2464 0.1739 0.2899
0.2029 0.2464 0.2899 0.2609
0.3333 0.2029 0.2319 0.2319
0.3478 0.1739 0.2174 0.2609
0.4058 0.1304 0.1594 0.3043
0.3623 0.1884 0.2029 0.2464
0.3768 0.1159 0.3043 0.2029
0.3768 0.1449 0.2029 0.2754

MOTIF filter12
letter-probability matrix: alength= 4 w= 24 nsites= 139
0.3706 0.2098 0.1818 0.2378
0.2937 0.2797 0.1888 0.2378
0.3217 0.1818 0.1329 0.3636
0.3147 0.2098 0.2098 0.2657
0.2238 0.2517 0.2238 0.3007
0.2378 0.2727 0.1469 0.3427
0.2657 0.1888 0.2657 0.2797
0.2867 0.2517 0.1678 0.2937
0.3007 0.2098 0.1888 0.3007
0.2378 0.2657 0.1678 0.3287
0.3077 0.2168 0.2168 0.2587
0.3217 0.1818 0.1958 0.3007
0.2657 0.1538 0.2937 0.2867
0.3147 0.1678 0.2238 0.2937
0.3217 0.2098 0.2238 0.2448
0.2867 0.2238 0.1958 0.2937
0.2517 0.2378 0.2238 0.2867
0.3217 0.1748 0.2587 0.2448
0.2867 0.1678 0.2098 0.3357
0.3706 0.1748 0.1399 0.3147
0.2937 0.2727 0.1678 0.2657
0.2727 0.2238 0.1748 0.3287
0.2797 0.2517 0.2028 0.2657
0.3007 0.2098 0.2028 0.2867

MOTIF filter13
letter-probability matrix: alength= 4 w= 24 nsites= 436
0.0705 0.2500 0.4250 0.2545
0.3864 0.1318 0.2636 0.2182
0.3455 0.1545 0.2591 0.2409
0.2295 0.2455 0.2500 0.2750
0.2318 0.3318 0.1955 0.2409
0.2227 0.2841 0.2386 0.2545
0.2273 0.2386 0.2386 0.2955
0.3000 0.1886 0.2386 0.2727
0.4023 0.1159 0.2591 0.2227
0.3818 0.1705 0.1682 0.2795
0.3795 0.1932 0.1341 0.2932
0.3591 0.1909 0.1841 0.2659
0.2886 0.2227 0.2205 0.2682
0.3227 0.1273 0.2364 0.3136
0.3614 0.1250 0.2068 0.3068
0.3614 0.1091 0.1818 0.3477
0.4045 0.1000 0.1386 0.3568
0.3250 0.0932 0.2386 0.3432
0.3091 0.1091 0.2045 0.3773
0.3636 0.1136 0.1932 0.3295
0.3841 0.0955 0.1659 0.3545
0.3545 0.1000 0.1409 0.4045
0.3864 0.1023 0.1318 0.3795
0.3795 0.1136 0.1614 0.3455

MOTIF filter14
letter-probability matrix: alength= 4 w= 24 nsites= 81
0.3294 0.4235 0.1294 0.1176
0.2118 0.3176 0.2353 0.2353
0.2706 0.1765 0.3647 0.1882
0.4235 0.1647 0.1412 0.2706
0.4588 0.1294 0.2000 0.2118
0.4118 0.1647 0.2118 0.2118
0.2235 0.1412 0.3882 0.2471
0.2000 0.2118 0.3765 0.2118
0.4000 0.1412 0.1765 0.2824
0.2588 0.1529 0.3765 0.2118
0.3059 0.2000 0.2235 0.2706
0.3412 0.1294 0.2118 0.3176
0.4000 0.1294 0.2235 0.2471
0.3765 0.1294 0.1765 0.3176
0.4235 0.1412 0.1412 0.2941
0.2706 0.1294 0.1529 0.4471
0.3059 0.1294 0.2353 0.3294
0.4588 0.1412 0.1294 0.2706
0.4706 0.0706 0.1412 0.3176
0.2941 0.1412 0.1529 0.4118
0.4000 0.1765 0.1412 0.2824
0.3765 0.1647 0.1176 0.3412
0.2824 0.1647 0.1529 0.4000
0.3294 0.1529 0.1882 0.3294

MOTIF filter15
letter-probability matrix: alength= 4 w= 24 nsites= 103
0.5794 0.1121 0.1121 0.1963
0.4206 0.1776 0.1682 0.2336
0.3645 0.1589 0.2056 0.2710
0.3551 0.1215 0.1589 0.3645
0.3084 0.1869 0.1028 0.4019
0.3364 0.1215 0.1308 0.4112
0.3458 0.1215 0.1682 0.3645
0.3738 0.1869 0.1402 0.2991
0.3645 0.1028 0.1682 0.3645
0.3364 0.1682 0.1215 0.3738
0.4579 0.0841 0.1121 0.3458
0.3458 0.0935 0.1589 0.4019
0.3271 0.1308 0.1402 0.4019
0.2617 0.1402 0.1402 0.4579
0.3178 0.1121 0.2056 0.3645
0.3832 0.1589 0.0935 0.3645
0.3458 0.1589 0.0935 0.4019
0.3738 0.1682 0.1402 0.3178
0.3271 0.1682 0.1402 0.3645
0.3271 0.1215 0.1028 0.4486
0.3084 0.1869 0.1402 0.3645
0.4299 0.1869 0.1121 0.2710
0.3645 0.1495 0.1308 0.3551
0.3645 0.1121 0.2430 0.2804

MOTIF filter16
letter-probability matrix: alength= 4 w= 24 nsites= 32
0.0833 0.2778 0.2778 0.3611
0.2500 0.1667 0.2778 0.3056
0.3056 0.2222 0.2222 0.2500
0.2500 0.1389 0.1944 0.4167
0.2778 0.1944 0.1944 0.3333
0.1944 0.2500 0.1389 0.4167
0.2778 0.3056 0.2500 0.1667
0.2500 0.2500 0.1389 0.3611
0.1667 0.3611 0.1667 0.3056
0.2222 0.3056 0.2778 0.1944
0.3611 0.2500 0.1667 0.2222
0.4722 0.1389 0.1667 0.2222
0.4167 0.1667 0.1944 0.2222
0.2222 0.3333 0.1944 0.2500
0.2500 0.2222 0.1667 0.3611
0.3611 0.1944 0.2500 0.1944
0.2778 0.2222 0.1667 0.3333
0.1667 0.2500 0.1944 0.3889
0.3611 0.2222 0.1389 0.2778
0.2500 0.2778 0.1111 0.3611
0.3333 0.2778 0.2222 0.1667
0.3889 0.1111 0.2222 0.2778
0.4444 0.2222 0.1667 0.1667
0.2222 0.1944 0.2778 0.3056

MOTIF filter17
letter-probability matrix: alength= 4 w= 24 nsites= 71
0.4800 0.3200 0.0667 0.1333
0.3867 0.1200 0.1467 0.3467
0.4133 0.0667 0.1333 0.3867
0.4000 0.0933 0.0800 0.4267
0.3467 0.0667 0.1867 0.4000
0.4000 0.1200 0.1067 0.3733
0.3867 0.1200 0.0533 0.4400
0.4267 0.0800 0.1200 0.3733
0.3600 0.1733 0.0800 0.3867
0.4533 0.0933 0.0667 0.3867
0.3600 0.0667 0.2000 0.3733
0.3467 0.0800 0.1467 0.4267
0.3733 0.1067 0.1200 0.4000
0.3867 0.0667 0.1467 0.4000
0.3600 0.1067 0.1467 0.3867
0.3467 0.1333 0.0800 0.4400
0.3333 0.1200 0.1600 0.3867
0.3333 0.1467 0.1733 0.3467
0.2933 0.0800 0.1467 0.4800
0.3200 0.0400 0.2133 0.4267
0.4000 0.1333 0.1600 0.3067
0.4267 0.1067 0.0933 0.3733
0.3600 0.0933 0.1733 0.3733
0.4267 0.0533 0.1600 0.3600

MOTIF filter18
letter-probability matrix: alength= 4 w= 24 nsites= 322
0.0736 0.0153 0.0368 0.8742
0.4601 0.0798 0.0920 0.3681
0.4509 0.0920 0.1196 0.3374
0.3865 0.0951 0.1135 0.4049
0.4141 0.0920 0.0982 0.3957
0.4080 0.1503 0.0982 0.3436
0.3834 0.1104 0.1074 0.3988
0.3834 0.1043 0.0982 0.4141
0.3957 0.0798 0.1104 0.4141
0.3834 0.0644 0.1074 0.4448
0.4356 0.0675 0.0920 0.4049
0.4172 0.1135 0.0982 0.3712
0.3957 0.1227 0.1196 0.3620
0.4264 0.1074 0.1012 0.3650
0.4141 0.0982 0.1196 0.3681
0.3773 0.1012 0.1319 0.3896
0.4479 0.1074 0.0982 0.3466
0.3620 0.1074 0.1196 0.4110
0.3926 0.1043 0.1012 0.4018
0.3681 0.1258 0.1380 0.3681
0.4417 0.0951 0.1166 0.3466
0.3834 0.1196 0.1104 0.3865
0.3804 0.1135 0.1472 0.3589
0.4448 0.1166 0.1166 0.3221

MOTIF filter19
letter-probability matrix: alength= 4 w= 24 nsites= 138
0.1761 0.2394 0.5704 0.0141
0.3310 0.3310 0.2113 0.1268
0.2676 0.2254 0.4366 0.0704
0.0845 0.1690 0.6056 0.1408
0.3451 0.1479 0.3592 0.1479
0.4789 0.1268 0.2113 0.1831
0.1620 0.3451 0.2958 0.1972
0.3028 0.3803 0.0915 0.2254
0.2958 0.3592 0.0986 0.2465
0.2394 0.2887 0.1620 0.3099
0.2606 0.0986 0.3310 0.3099
0.3873 0.1056 0.2465 0.2606
0.4155 0.1127 0.1549 0.3169
0.4507 0.0915 0.1056 0.3521
0.3944 0.1197 0.2113 0.2746
0.3028 0.1268 0.2183 0.3521
0.4366 0.0986 0.0915 0.3732
0.3310 0.0775 0.2746 0.3169
0.3732 0.0704 0.1127 0.4437
0.4366 0.0986 0.0563 0.4085
0.4577 0.0423 0.1197 0.3803
0.4155 0.0423 0.1479 0.3944
0.4014 0.0775 0.0634 0.4577
0.3944 0.0704 0.1338 0.4014

MOTIF filter20
letter-probability matrix: alength= 4 w= 24 nsites= 225
0.8297 0.0480 0.0437 0.0786
0.4192 0.0655 0.1179 0.3974
0.4541 0.0786 0.1266 0.3406
0.4978 0.0393 0.1048 0.3581
0.4410 0.1048 0.1092 0.3450
0.4410 0.0830 0.0917 0.3843
0.4978 0.0917 0.0830 0.3275
0.4629 0.0742 0.0873 0.3755
0.4061 0.0917 0.0699 0.4323
0.4279 0.0961 0.1048 0.3712
0.4410 0.0830 0.0830 0.3930
0.3974 0.0786 0.0655 0.4585
0.4716 0.0917 0.0873 0.3493
0.3843 0.0873 0.0873 0.4410
0.4279 0.1135 0.1004 0.3581
0.4148 0.1310 0.0786 0.3755
0.4279 0.0961 0.0742 0.4017
0.4017 0.1048 0.1004 0.3930
0.3930 0.1135 0.1179 0.3755
0.4061 0.1354 0.0961 0.3624
0.4891 0.0917 0.0742 0.3450
0.4410 0.1004 0.0611 0.3974
0.4323 0.0917 0.1004 0.3755
0.4410 0.0917 0.0655 0.4017

MOTIF filter21
letter-probability matrix: alength= 4 w= 24 nsites= 91
0.1789 0.6737 0.0632 0.0842
0.2316 0.2105 0.3263 0.2316
0.2526 0.1474 0.4000 0.2000
0.3053 0.2211 0.1474 0.3263
0.2947 0.2105 0.2000 0.2947
0.2316 0.3053 0.2105 0.2526
0.2105 0.3263 0.1053 0.3579
0.2421 0.3158 0.2000 0.2421
0.1895 0.1474 0.3789 0.2842
0.2211 0.1053 0.3158 0.3579
0.4000 0.0947 0.2947 0.2105
0.4105 0.1579 0.2842 0.1474
0.1579 0.3263 0.1684 0.3474
0.2737 0.3263 0.1474 0.2526
0.2842 0.2947 0.2421 0.1789
0.2316 0.1579 0.3684 0.2421
0.2947 0.1368 0.3368 0.2316
0.4105 0.1263 0.1579 0.3053
0.3789 0.2105 0.1263 0.2842
0.2737 0.2737 0.1158 0.3368
0.2947 0.2316 0.1368 0.3368
0.3263 0.1474 0.2105 0.3158
0.2211 0.1579 0.2211 0.4000
0.3684 0.1789 0.1684 0.2842

MOTIF filter22
letter-probability matrix: alength= 4 w= 24 nsites= 67
0.1127 0.3521 0.2113 0.3239
0.1690 0.3803 0.1268 0.3239
0.1831 0.4085 0.1549 0.2535
0.2535 0.4225 0.1268 0.1972
0.1972 0.1972 0.3803 0.2254
0.4648 0.2113 0.1831 0.1408
0.4507 0.1831 0.1408 0.2254
0.4085 0.0845 0.2394 0.2676
0.2676 0.1408 0.4225 0.1690
0.2113 0.1127 0.3944 0.2817
0.4507 0.2113 0.1127 0.2254
0.2535 0.1268 0.3662 0.2535
0.4225 0.0986 0.1408 0.3380
0.3239 0.1549 0.1831 0.3380
0.3662 0.1127 0.1549 0.3662
0.3099 0.1690 0.1408 0.3803
0.4085 0.0704 0.1268 0.3944
0.2254 0.1549 0.1831 0.4366
0.3099 0.1268 0.1408 0.4225
0.4085 0.1268 0.1268 0.3380
0.4507 0.0845 0.1268 0.3380
0.3099 0.0704 0.1690 0.4507
0.3944 0.1268 0.1268 0.3521
0.3803 0.0986 0.0986 0.4225

MOTIF filter23
letter-probability matrix: alength= 4 w= 24 nsites= 162
0.2892 0.1807 0.2410 0.2892
0.2530 0.1988 0.1205 0.4277
0.4398 0.1024 0.1265 0.3313
0.3313 0.1627 0.1687 0.3373
0.2530 0.1446 0.1627 0.4398
0.4036 0.1446 0.1807 0.2711
0.2892 0.1506 0.2771 0.2831
0.3193 0.1747 0.1325 0.3735
0.3735 0.1084 0.1928 0.3253
0.3253 0.2229 0.1205 0.3313
0.2711 0.1867 0.1024 0.4398
0.3494 0.0904 0.2289 0.3313
0.2892 0.1325 0.3253 0.2530
0.4036 0.1145 0.1325 0.3494
0.2892 0.1386 0.2169 0.3554
0.2952 0.1446 0.1506 0.4096
0.2530 0.1506 0.1627 0.4337
0.3133 0.1265 0.2169 0.3434
0.3675 0.0904 0.2289 0.3133
0.3494 0.1386 0.1747 0.3373
0.4157 0.1265 0.1867 0.2711
0.2952 0.2289 0.1325 0.3434
0.2771 0.1446 0.1506 0.4277
0.3434 0.1325 0.2229 0.3012

MOTIF filter24
letter-probability matrix: alength= 4 w= 24 nsites= 207
0.4787 0.0711 0.0190 0.4313
0.3649 0.0711 0.0711 0.4929
0.4645 0.0900 0.0332 0.4123
0.3697 0.0711 0.0474 0.5118
0.4076 0.0427 0.0521 0.4976
0.4502 0.0664 0.0900 0.3934
0.4171 0.0569 0.1185 0.4076
0.4313 0.0664 0.0569 0.4455
0.4076 0.0806 0.1090 0.4028
0.3602 0.0664 0.0853 0.4882
0.4882 0.0853 0.0664 0.3602
0.3460 0.0948 0.0758 0.4834
0.3697 0.1232 0.0379 0.4692
0.3602 0.0853 0.0806 0.4739
0.4692 0.1043 0.1043 0.3223
0.3270 0.0948 0.0616 0.5166
0.3555 0.0995 0.0616 0.4834
0.4408 0.0900 0.0521 0.4171
0.3460 0.0995 0.0853 0.4692
0.4076 0.0853 0.0664 0.4408
0.3744 0.0711 0.0948 0.4597
0.4171 0.0948 0.0758 0.4123
0.3839 0.1185 0.0569 0.4408
0.4171 0.1185 0.0758 0.3886

MOTIF filter25
letter-probability matrix: alength= 4 w= 24 nsites= 121
0.1600 0.2320 0.1680 0.4400
0.1840 0.3360 0.1200 0.3600
0.2160 0.2320 0.2720 0.2800
0.2720 0.2400 0.2880 0.2000
0.2640 0.1840 0.2400 0.3120
0.2800 0.2160 0.2160 0.2880
0.2240 0.2480 0.2080 0.3200
0.2240 0.2240 0.1520 0.4000
0.2560 0.2800 0.1920 0.2720
0.2160 0.2320 0.2240 0.3280
0.2160 0.1920 0.2320 0.3600
0.3920 0.1680 0.2160 0.2240
0.3680 0.1280 0.1280 0.3760
0.2560 0.2080 0.1120 0.4240
0.2080 0.2080 0.1920 0.3920
0.3040 0.2080 0.1520 0.3360
0.2960 0.2000 0.2080 0.2960
0.3040 0.1360 0.2320 0.3280
0.4240 0.1440 0.1280 0.3040
0.3680 0.1520 0.1600 0.3200
0.3600 0.2080 0.1600 0.2720
0.3440 0.2000 0.1280 0.3280
0.3920 0.1760 0.0960 0.3360
0.3040 0.1600 0.1680 0.3680

MOTIF filter26
letter-probability matrix: alength= 4 w= 24 nsites= 208
0.5094 0.0991 0.3491 0.0425
0.3066 0.1085 0.2075 0.3774
0.3868 0.1179 0.0991 0.3962
0.4906 0.0802 0.1321 0.2972
0.3113 0.1132 0.1934 0.3821
0.3868 0.1274 0.0519 0.4340
0.4057 0.0991 0.1462 0.3491
0.3349 0.1321 0.1934 0.3396
0.3349 0.1462 0.1179 0.4009
0.3726 0.1038 0.1792 0.3443
0.2925 0.1840 0.1132 0.4104
0.3113 0.1179 0.1085 0.4623
0.4245 0.1038 0.1745 0.2972
0.3396 0.1462 0.1745 0.3396
0.3491 0.1085 0.1038 0.4387
0.3113 0.1085 0.1934 0.3868
0.3302 0.1934 0.1038 0.3726
0.3726 0.1321 0.0896 0.4057
0.3160 0.1462 0.1792 0.3585
0.3443 0.1368 0.1557 0.3632
0.4057 0.1085 0.1226 0.3632
0.2925 0.1509 0.2311 0.3255
0.2500 0.1792 0.1509 0.4198
0.3538 0.1226 0.0849 0.4387

MOTIF filter27
letter-probability matrix: alength= 4 w= 24 nsites= 213
0.0829 0.0323 0.0507 0.8341
0.3502 0.0968 0.0922 0.4608
0.3687 0.0691 0.0922 0.4700
0.3502 0.1382 0.0645 0.4470
0.2995 0.0922 0.0645 0.5438
0.3410 0.0968 0.1014 0.4608
0.4194 0.1060 0.0783 0.3963
0.3410 0.1198 0.0876 0.4516
0.3917 0.1014 0.0922 0.4147
0.3180 0.1014 0.0922 0.4885
0.3410 0.1152 0.1198 0.4240
0.3641 0.0876 0.1198 0.4286
0.2765 0.1290 0.1014 0.4931
0.4424 0.1106 0.0783 0.3687
0.3733 0.1106 0.0783 0.4378
0.3502 0.1429 0.0783 0.4286
0.3364 0.1382 0.1014 0.4240
0.3871 0.1613 0.1060 0.3456
0.3779 0.0922 0.1290 0.4009
0.3226 0.1567 0.1290 0.3917
0.3641 0.1060 0.1060 0.4240
0.3502 0.1475 0.0922 0.4101
0.3548 0.1336 0.1290 0.3825
0.3687 0.1336 0.1290 0.3687

MOTIF filter28
letter-probability matrix: alength= 4 w= 24 nsites= 166
0.0353 0.2353 0.0706 0.6588
0.3588 0.1529 0.1176 0.3706
0.2529 0.0941 0.1706 0.4824
0.2882 0.1176 0.1824 0.4118
0.3294 0.1647 0.1529 0.3529
0.3176 0.1059 0.1471 0.4294
0.3471 0.1294 0.1118 0.4118
0.3941 0.0824 0.1294 0.3941
0.3529 0.1588 0.1118 0.3765
0.3412 0.1765 0.0941 0.3882
0.3235 0.1059 0.1353 0.4353
0.2941 0.1412 0.1706 0.3941
0.3765 0.1412 0.1059 0.3765
0.3765 0.1176 0.1176 0.3882
0.3647 0.1588 0.1176 0.3588
0.3353 0.1647 0.1235 0.3765
0.3647 0.1588 0.1294 0.3471
0.3765 0.1176 0.1882 0.3176
0.3941 0.1059 0.1176 0.3824
0.3706 0.1412 0.1706 0.3176
0.3118 0.1353 0.1647 0.3882
0.3824 0.1824 0.1353 0.3000
0.2882 0.2176 0.1176 0.3765
0.3235 0.1529 0.1588 0.3647

MOTIF filter29
letter-probability matrix: alength= 4 w= 24 nsites= 140
0.2014 0.1528 0.3056 0.3403
0.2708 0.2014 0.1875 0.3403
0.2361 0.2986 0.1597 0.3056
0.2431 0.2569 0.1597 0.3403
0.2778 0.2569 0.2431 0.2222
0.2639 0.2292 0.2361 0.2708
0.2361 0.2431 0.1944 0.3264
0.3194 0.1667 0.1389 0.3750
0.3333 0.2639 0.1111 0.2917
0.2431 0.2083 0.1736 0.3750
0.3056 0.2361 0.1528 0.3056
0.2569 0.1389 0.2153 0.3889
0.2917 0.1736 0.2014 0.3333
0.3403 0.1597 0.2014 0.2986
0.3403 0.1458 0.1597 0.3542
0.2986 0.1597 0.1806 0.3611
0.3611 0.2292 0.1458 0.2639
0.3194 0.1944 0.1667 0.3194
0.3472 0.1875 0.1806 0.2847
0.2986 0.2014 0.1389 0.3611
0.3194 0.1806 0.1181 0.3819
0.2847 0.2361 0.1389 0.3403
0.3403 0.2292 0.0972 0.3333
0.3056 0.1875 0.1111 0.3958

MOTIF filter30
letter-probability matrix: alength= 4 w= 24 nsites= 179
0.2896 0.0874 0.4973 0.1257
0.2186 0.0984 0.3115 0.3716
0.2678 0.2131 0.0984 0.4208
0.4317 0.0710 0.2951 0.2022
0.2186 0.2404 0.2131 0.3279
0.2240 0.1202 0.1148 0.5410
0.2951 0.0984 0.4044 0.2022
0.2350 0.0984 0.3279 0.3388
0.3115 0.1694 0.1093 0.4098
0.4645 0.1093 0.2350 0.1913
0.2459 0.2295 0.1913 0.3333
0.2404 0.0874 0.0820 0.5902
0.3825 0.1093 0.2568 0.2514
0.2077 0.1093 0.3497 0.3333
0.2404 0.2186 0.0874 0.4536
0.4809 0.0820 0.1913 0.2459
0.1694 0.2404 0.2404 0.3497
0.2842 0.1093 0.0656 0.5410
0.3552 0.1311 0.2404 0.2732
0.1694 0.1639 0.3169 0.3497
0.2404 0.2131 0.0765 0.4699
0.4262 0.1038 0.2514 0.2186
0.2350 0.2022 0.2623 0.3005
0.2678 0.0546 0.0929 0.5847

MOTIF filter31
letter-probability matrix: alength= 4 w= 24 nsites= 251
0.5216 0.0902 0.0353 0.3529
0.4196 0.0706 0.0706 0.4392
0.3686 0.0784 0.0863 0.4667
0.4392 0.0471 0.1020 0.4118
0.4471 0.0706 0.1020 0.3804
0.3961 0.1137 0.0824 0.4078
0.4157 0.1020 0.0588 0.4235
0.3961 0.0902 0.0824 0.4314
0.4431 0.1098 0.0902 0.3569
0.3843 0.0941 0.0824 0.4392
0.3176 0.0902 0.0824 0.5098
0.4196 0.0863 0.0471 0.4471
0.3647 0.0941 0.0667 0.4745
0.4196 0.0588 0.0784 0.4431
0.3647 0.1333 0.0627 0.4392
0.4431 0.0902 0.0863 0.3804
0.4275 0.0824 0.0745 0.4157
0.3608 0.1216 0.0980 0.4196
0.4196 0.1529 0.1020 0.3255
0.3412 0.1176 0.1255 0.4157
0.3725 0.1255 0.0941 0.4078
0.4078 0.1294 0.0784 0.3843
0.3961 0.1333 0.1059 0.3647
0.3725 0.1373 0.1059 0.3843

MOTIF filter32
letter-probability matrix: alength= 4 w= 24 nsites= 146
0.3467 0.3867 0.0933 0.1733
0.4133 0.0933 0.1200 0.3733
0.3000 0.1067 0.1667 0.4267
0.3733 0.1933 0.0600 0.3733
0.3933 0.0733 0.0733 0.4600
0.3667 0.1467 0.0867 0.4000
0.3800 0.1467 0.0867 0.3867
0.3333 0.0867 0.1467 0.4333
0.3467 0.1267 0.1800 0.3467
0.3867 0.1467 0.1400 0.3267
0.3733 0.1067 0.1133 0.4067
0.4067 0.1067 0.1133 0.3733
0.4067 0.1200 0.1000 0.3733
0.3600 0.1267 0.1067 0.4067
0.3267 0.1600 0.1267 0.3867
0.3667 0.1600 0.1533 0.3200
0.4200 0.0800 0.1600 0.3400
0.3400 0.1333 0.1733 0.3533
0.4200 0.1733 0.1067 0.3000
0.3467 0.1267 0.1467 0.3800
0.3533 0.1600 0.1267 0.3600
0.3200 0.2000 0.1867 0.2933
0.3733 0.0467 0.2067 0.3733
0.3800 0.1133 0.1800 0.3267

MOTIF filter33
letter-probability matrix: alength= 4 w= 24 nsites= 249
0.2767 0.1067 0.4822 0.1344
0.2806 0.1779 0.2451 0.2964
0.3715 0.1621 0.2095 0.2569
0.3202 0.1502 0.2688 0.2609
0.3281 0.1542 0.1818 0.3360
0.3241 0.2055 0.1818 0.2885
0.3123 0.1818 0.2174 0.2885
0.3162 0.1976 0.1976 0.2885
0.3439 0.1502 0.1858 0.3202
0.3676 0.1462 0.1779 0.3083
0.3083 0.2016 0.1621 0.3281
0.3320 0.1462 0.2134 0.3083
0.3123 0.1462 0.2292 0.3123
0.2806 0.2095 0.1976 0.3123
0.3597 0.1858 0.1462 0.3083
0.3043 0.1700 0.1976 0.3281
0.3518 0.1818 0.1779 0.2885
0.3676 0.1739 0.1423 0.3162
0.3360 0.1621 0.2016 0.3004
0.3399 0.1660 0.1581 0.3360
0.3755 0.1660 0.1423 0.3162
0.3281 0.1700 0.1542 0.3478
0.3123 0.1542 0.1779 0.3557
0.3715 0.1739 0.1344 0.3202

MOTIF filter34
letter-probability matrix: alength= 4 w= 24 nsites= 440
0.4797 0.0428 0.0090 0.4685
0.4640 0.0495 0.0743 0.4122
0.4459 0.0541 0.0608 0.4392
0.4685 0.0631 0.0698 0.3986
0.4595 0.0653 0.0428 0.4324
0.5068 0.0541 0.0383 0.4009
0.4459 0.0563 0.0450 0.4527
0.4617 0.0428 0.0608 0.4347
0.4775 0.0541 0.0586 0.4099
0.4752 0.0586 0.0586 0.4077
0.4189 0.0586 0.0631 0.4595
0.4865 0.0743 0.0541 0.3851
0.3919 0.0856 0.0923 0.4302
0.4347 0.0721 0.0698 0.4234
0.4505 0.0653 0.0833 0.4009
0.4572 0.0788 0.0608 0.4032
0.4189 0.0833 0.0788 0.4189
0.4392 0.0788 0.0676 0.4144
0.4505 0.0833 0.0811 0.3851
0.4279 0.0766 0.0743 0.4212
0.4302 0.0878 0.0811 0.4009
0.4302 0.0856 0.0878 0.3964
0.4707 0.0608 0.0811 0.3874
0.4032 0.0721 0.1014 0.4234

MOTIF filter35
letter-probability matrix: alength= 4 w= 24 nsites= 128
0.5227 0.1288 0.0076 0.3409
0.4167 0.0606 0.0909 0.4318
0.3409 0.1136 0.1061 0.4394
0.4848 0.1288 0.0606 0.3258
0.3864 0.1288 0.1212 0.3636
0.4015 0.1439 0.0455 0.4091
0.4167 0.0985 0.1061 0.3788
0.4091 0.1136 0.0758 0.4015
0.3333 0.1061 0.1439 0.4167
0.3939 0.1439 0.0833 0.3788
0.3258 0.1212 0.1136 0.4394
0.3258 0.0833 0.1439 0.4470
0.4318 0.1136 0.0758 0.3788
0.3106 0.0833 0.1515 0.4545
0.3106 0.1439 0.1364 0.4091
0.4167 0.1288 0.0985 0.3561
0.4167 0.1136 0.1591 0.3106
0.4167 0.1061 0.1212 0.3561
0.3409 0.0985 0.1212 0.4394
0.3788 0.1439 0.1439 0.3333
0.4394 0.0985 0.0833 0.3788
0.3333 0.0985 0.1591 0.4091
0.3636 0.1515 0.1061 0.3788
0.4091 0.1212 0.0833 0.3864

MOTIF filter36
letter-probability matrix: alength= 4 w= 24 nsites= 53
0.2105 0.1053 0.0175 0.6667
0.4211 0.1053 0.0877 0.3860
0.2456 0.1228 0.1053 0.5263
0.4386 0.1053 0.0877 0.3684
0.4035 0.0877 0.1404 0.3684
0.3509 0.0702 0.1053 0.4737
0.4912 0.1404 0.1228 0.2456
0.3860 0.0877 0.1930 0.3333
0.2807 0.1053 0.1579 0.4561
0.3860 0.0877 0.1228 0.4035
0.3333 0.1053 0.1930 0.3684
0.3333 0.1228 0.1404 0.4035
0.3860 0.1228 0.1053 0.3860
0.3509 0.1404 0.1404 0.3684
0.3158 0.1228 0.1404 0.4211
0.4737 0.1053 0.1053 0.3158
0.2105 0.1579 0.0702 0.5614
0.4561 0.0877 0.1053 0.3509
0.5088 0.0526 0.1579 0.2807
0.4035 0.0877 0.1579 0.3509
0.2632 0.0702 0.1930 0.4737
0.3509 0.1228 0.1404 0.3860
0.5088 0.1404 0.0877 0.2632
0.3860 0.1404 0.1053 0.3684

MOTIF filter37
letter-probability matrix: alength= 4 w= 24 nsites= 100
0.7019 0.2115 0.0288 0.0577
0.3942 0.1346 0.0865 0.3846
0.2692 0.0769 0.2500 0.4038
0.3846 0.1346 0.2308 0.2500
0.3558 0.1827 0.1154 0.3462
0.3654 0.1538 0.2019 0.2788
0.3077 0.1731 0.1346 0.3846
0.3462 0.0962 0.1442 0.4135
0.4327 0.1731 0.1827 0.2115
0.3173 0.2019 0.1346 0.3462
0.2788 0.0865 0.1635 0.4712
0.3750 0.1058 0.2115 0.3077
0.3173 0.2115 0.1538 0.3173
0.3269 0.1346 0.1346 0.4038
0.3462 0.1538 0.1731 0.3269
0.3269 0.2212 0.0962 0.3558
0.3558 0.1635 0.0865 0.3942
0.3173 0.1827 0.1346 0.3654
0.2404 0.2500 0.1346 0.3750
0.3365 0.2115 0.1154 0.3365
0.3269 0.1154 0.2308 0.3269
0.3462 0.1635 0.1346 0.3558
0.3846 0.1154 0.1250 0.3750
0.2885 0.1827 0.1635 0.3654

MOTIF filter38
letter-probability matrix: alength= 4 w= 24 nsites= 58
0.4194 0.2742 0.1774 0.1290
0.2581 0.1613 0.2258 0.3548
0.3387 0.1452 0.1290 0.3871
0.2258 0.1452 0.3065 0.3226
0.2097 0.2258 0.2419 0.3226
0.2742 0.1452 0.2581 0.3226
0.3226 0.2419 0.2258 0.2097
0.3548 0.1774 0.2097 0.2581
0.3226 0.1290 0.1290 0.4194
0.2903 0.1613 0.2419 0.3065
0.1774 0.3226 0.1774 0.3226
0.3065 0.2258 0.1774 0.2903
0.2903 0.1290 0.3226 0.2581
0.2903 0.2419 0.2419 0.2258
0.4839 0.1290 0.0806 0.3065
0.3226 0.2903 0.1452 0.2419
0.3226 0.2903 0.0645 0.3226
0.3710 0.2097 0.1290 0.2903
0.3065 0.2581 0.1452 0.2903
0.3387 0.1935 0.1290 0.3387
0.3710 0.2097 0.1935 0.2258
0.3387 0.1129 0.2742 0.2742
0.3226 0.2097 0.1774 0.2903
0.4677 0.1290 0.1129 0.2903

MOTIF filter39
letter-probability matrix: alength= 4 w= 24 nsites= 256
0.4692 0.0962 0.3308 0.1038
0.3808 0.1462 0.1192 0.3538
0.3500 0.0808 0.1846 0.3846
0.3962 0.1385 0.1231 0.3423
0.3577 0.1423 0.1154 0.3846
0.3192 0.1615 0.1885 0.3308
0.3385 0.1577 0.1769 0.3269
0.4115 0.1115 0.1115 0.3654
0.4038 0.1654 0.1231 0.3077
0.3115 0.1846 0.1269 0.3769
0.3769 0.1462 0.1077 0.3692
0.3846 0.1154 0.1308 0.3692
0.3538 0.1192 0.1269 0.4000
0.3500 0.1577 0.1154 0.3769
0.4462 0.1192 0.1231 0.3115
0.3192 0.1115 0.1885 0.3808
0.3808 0.1692 0.1231 0.3269
0.3769 0.0962 0.1808 0.3462
0.3038 0.1385 0.2038 0.3538
0.4038 0.1423 0.1077 0.3462
0.4231 0.1500 0.1115 0.3154
0.3615 0.1269 0.1692 0.3423
0.3500 0.1538 0.1192 0.3769
0.4154 0.1423 0.1346 0.3077

MOTIF filter40
letter-probability matrix: alength= 4 w= 24 nsites= 193
0.2792 0.1168 0.2792 0.3249
0.3858 0.1624 0.1320 0.3198
0.4010 0.1472 0.1320 0.3198
0.3756 0.1371 0.1218 0.3655
0.3858 0.1827 0.1523 0.2792
0.3553 0.1726 0.1421 0.3299
0.3249 0.1269 0.1726 0.3756
0.3706 0.1624 0.1523 0.3147
0.3452 0.1624 0.1421 0.3503
0.3909 0.1421 0.1675 0.2995
0.3147 0.1015 0.2386 0.3452
0.2944 0.1574 0.1827 0.3655
0.3756 0.1218 0.1269 0.3756
0.3604 0.1320 0.1777 0.3299
0.4264 0.1827 0.1472 0.2437
0.3959 0.1168 0.1675 0.3198
0.4315 0.1117 0.1472 0.3096
0.3604 0.1523 0.1777 0.3096
0.4518 0.1421 0.1472 0.2589
0.3706 0.1574 0.1726 0.2995
0.3299 0.1320 0.1320 0.4061
0.3807 0.1827 0.1574 0.2792
0.4162 0.1320 0.1878 0.2640
0.2893 0.1523 0.2030 0.3553

MOTIF filter41
letter-probability matrix: alength= 4 w= 24 nsites= 469
0.4693 0.0338 0.0106 0.4863
0.3784 0.0867 0.0507 0.4841
0.4080 0.0571 0.0867 0.4482
0.3827 0.0465 0.0930 0.4778
0.3932 0.0867 0.0973 0.4228
0.3784 0.0719 0.0761 0.4736
0.4123 0.0803 0.0698 0.4376
0.3932 0.0677 0.0571 0.4820
0.4080 0.1078 0.0507 0.4334
0.3869 0.1078 0.0698 0.4355
0.3721 0.0888 0.1015 0.4376
0.3869 0.0803 0.1226 0.4101
0.4017 0.1268 0.0782 0.3932
0.3700 0.0846 0.0951 0.4503
0.3911 0.1099 0.0761 0.4228
0.3784 0.1015 0.0909 0.4292
0.3531 0.1353 0.1057 0.4059
0.3911 0.1036 0.1099 0.3953
0.3848 0.0909 0.1036 0.4207
0.3615 0.0846 0.0994 0.4545
0.3594 0.0973 0.1332 0.4101
0.3446 0.1078 0.0973 0.4503
0.3362 0.1226 0.0930 0.4482
0.3594 0.1078 0.1184 0.4144

MOTIF filter42
letter-probability matrix: alength= 4 w= 24 nsites= 273
0.4874 0.1408 0.1011 0.2708
0.3430 0.1155 0.1444 0.3971
0.3827 0.1047 0.1047 0.4079
0.4332 0.0794 0.0903 0.3971
0.3646 0.1083 0.1191 0.4079
0.4116 0.1083 0.0903 0.3899
0.4188 0.0975 0.0939 0.3899
0.3285 0.1011 0.0794 0.4910
0.3610 0.1011 0.0794 0.4585
0.4152 0.1011 0.1119 0.3718
0.3682 0.1083 0.1083 0.4152
0.3610 0.1300 0.1083 0.4007
0.4513 0.1191 0.1011 0.3285
0.4043 0.1047 0.1227 0.3682
0.3718 0.0939 0.1408 0.3935
0.3899 0.1119 0.1155 0.3827
0.3971 0.0722 0.1300 0.4007
0.3430 0.0758 0.1336 0.4477
0.3863 0.1083 0.1264 0.3791
0.4332 0.1047 0.1227 0.3394
0.3430 0.1191 0.1552 0.3827
0.4152 0.1264 0.1155 0.3430
0.4116 0.1047 0.1336 0.3502
0.3502 0.1300 0.1300 0.3899

MOTIF filter43
letter-probability matrix: alength= 4 w= 24 nsites= 187
0.3246 0.2251 0.3194 0.1309
0.2984 0.2199 0.2199 0.2618
0.3403 0.1623 0.2147 0.2827
0.3717 0.1937 0.1832 0.2513
0.3194 0.1937 0.2251 0.2618
0.3665 0.1832 0.1885 0.2618
0.3037 0.2513 0.1780 0.2670
0.3246 0.1257 0.2304 0.3194
0.3351 0.1675 0.2094 0.2880
0.3874 0.1937 0.1466 0.2723
0.3141 0.2304 0.1728 0.2827
0.2932 0.2042 0.2042 0.2984
0.3246 0.1990 0.1466 0.3298
0.3665 0.1990 0.1885 0.2461
0.3037 0.1990 0.1832 0.3141
0.3351 0.2042 0.1466 0.3141
0.3194 0.1937 0.1832 0.3037
0.3246 0.1571 0.1990 0.3194
0.3089 0.2251 0.1204 0.3455
0.3194 0.1571 0.2094 0.3141
0.3246 0.1885 0.1728 0.3141
0.3508 0.1780 0.1780 0.2932
0.3141 0.2042 0.1571 0.3246
0.3037 0.1832 0.1832 0.3298

MOTIF filter44
letter-probability matrix: alength= 4 w= 24 nsites= 187
0.0785 0.0733 0.0942 0.7539
0.3665 0.0838 0.1937 0.3560
0.3717 0.1152 0.1414 0.3717
0.3246 0.1518 0.1309 0.3927
0.3403 0.1675 0.1571 0.3351
0.4293 0.1047 0.1099 0.3560
0.3665 0.1885 0.0942 0.3508
0.3770 0.1780 0.1309 0.3141
0.4241 0.1257 0.1361 0.3141
0.2880 0.1414 0.1152 0.4555
0.3037 0.1623 0.1571 0.3770
0.3927 0.1257 0.1675 0.3141
0.3351 0.0942 0.1204 0.4503
0.3089 0.1571 0.1309 0.4031
0.3298 0.1571 0.1361 0.3770
0.3141 0.1780 0.1623 0.3455
0.3298 0.1309 0.1257 0.4136
0.3927 0.1518 0.1099 0.3455
0.2827 0.1309 0.1257 0.4607
0.3822 0.1466 0.1099 0.3613
0.3351 0.1518 0.1466 0.3665
0.3560 0.1571 0.1152 0.3717
0.3770 0.0890 0.1571 0.3770
0.4188 0.0942 0.1466 0.3403

MOTIF filter45
letter-probability matrix: alength= 4 w= 24 nsites= 20
0.1250 0.4167 0.3333 0.1250
0.2917 0.2917 0.2917 0.1250
0.2083 0.2917 0.2083 0.2917
0.2500 0.2500 0.0833 0.4167
0.2083 0.2083 0.2500 0.3333
0.2500 0.2083 0.2083 0.3333
0.3333 0.2917 0.1250 0.2500
0.1667 0.2083 0.2083 0.4167
0.3333 0.0833 0.1667 0.4167
0.3333 0.1667 0.0833 0.4167
0.3333 0.2500 0.1250 0.2917
0.4167 0.2083 0.0833 0.2917
0.3750 0.1667 0.0833 0.3750
0.3333 0.2917 0.0833 0.2917
0.5000 0.1250 0.2083 0.1667
0.2917 0.1667 0.1667 0.3750
0.3333 0.2500 0.2083 0.2083
0.4583 0.0833 0.0833 0.3750
0.4167 0.1250 0.1667 0.2917
0.4583 0.1250 0.1250 0.2917
0.2500 0.2500 0.1250 0.3750
0.2500 0.2917 0.1250 0.3333
0.2917 0.1667 0.1667 0.3750
0.2500 0.2500 0.1667 0.3333

MOTIF filter46
letter-probability matrix: alength= 4 w= 24 nsites= 100
0.2404 0.1923 0.4038 0.1635
0.3077 0.1538 0.2692 0.2692
0.3077 0.1827 0.2212 0.2885
0.3077 0.1250 0.2692 0.2981
0.2885 0.1154 0.2308 0.3654
0.2788 0.2115 0.2212 0.2885
0.2981 0.2212 0.2019 0.2788
0.3269 0.1923 0.1731 0.3077
0.3173 0.2404 0.1154 0.3269
0.3269 0.2115 0.1731 0.2885
0.3173 0.1442 0.2308 0.3077
0.2885 0.2019 0.2019 0.3077
0.2500 0.1442 0.2692 0.3365
0.3365 0.1635 0.2115 0.2885
0.2788 0.1731 0.2019 0.3462
0.3654 0.1923 0.1346 0.3077
0.2981 0.1827 0.2019 0.3173
0.3365 0.0962 0.2019 0.3654
0.2596 0.1731 0.1827 0.3846
0.3173 0.1635 0.1731 0.3462
0.3269 0.2019 0.1442 0.3269
0.3365 0.1250 0.1635 0.3750
0.3654 0.1250 0.1250 0.3846
0.2981 0.1635 0.2115 0.3269

MOTIF filter47
letter-probability matrix: alength= 4 w= 24 nsites= 182
0.0753 0.0806 0.1022 0.7419
0.3333 0.0968 0.0860 0.4839
0.3387 0.0914 0.2097 0.3602
0.2742 0.1613 0.1183 0.4462
0.3011 0.1344 0.0806 0.4839
0.4301 0.0753 0.1505 0.3441
0.3441 0.1344 0.1237 0.3978
0.3441 0.1774 0.0645 0.4140
0.3817 0.0860 0.1452 0.3871
0.3011 0.1667 0.1398 0.3925
0.3763 0.1505 0.0538 0.4194
0.3817 0.1075 0.1398 0.3710
0.3387 0.1290 0.1559 0.3763
0.3495 0.1398 0.0753 0.4355
0.3871 0.0699 0.1452 0.3978
0.3172 0.1398 0.2151 0.3280
0.3118 0.1505 0.0968 0.4409
0.3871 0.1344 0.1720 0.3065
0.3441 0.0753 0.2473 0.3333
0.3495 0.1290 0.1237 0.3978
0.4140 0.1022 0.1559 0.3280
0.2849 0.1290 0.1828 0.4032
0.2581 0.1344 0.0968 0.5108
0.4677 0.0968 0.1505 0.2849

MOTIF filter48
letter-probability matrix: alength= 4 w= 24 nsites= 220
0.8259 0.0446 0.0491 0.0804
0.3304 0.0670 0.1295 0.4732
0.4152 0.0759 0.1161 0.3929
0.4196 0.1027 0.1027 0.3750
0.4464 0.0982 0.0938 0.3616
0.4062 0.0938 0.1205 0.3795
0.3750 0.1116 0.1161 0.3973
0.3884 0.1429 0.0893 0.3795
0.3884 0.1116 0.1161 0.3839
0.3750 0.1027 0.1116 0.4107
0.3973 0.1071 0.1071 0.3884
0.3839 0.1116 0.0938 0.4107
0.4018 0.0893 0.0938 0.4152
0.3616 0.1027 0.1250 0.4107
0.4018 0.1116 0.1071 0.3795
0.2902 0.1071 0.1518 0.4509
0.4152 0.0848 0.1161 0.3839
0.3929 0.1250 0.1116 0.3705
0.3348 0.0938 0.1473 0.4241
0.4196 0.1607 0.0848 0.3348
0.4196 0.1339 0.1250 0.3214
0.3348 0.1250 0.1250 0.4152
0.3393 0.1339 0.0893 0.4375
0.4330 0.1161 0.1071 0.3438

MOTIF filter49
letter-probability matrix: alength= 4 w= 24 nsites= 64
0.2353 0.0441 0.0147 0.7059
0.4265 0.0735 0.1029 0.3971
0.4265 0.1029 0.0588 0.4118
0.2353 0.0882 0.1471 0.5294
0.3676 0.0588 0.1912 0.3824
0.3971 0.0882 0.0735 0.4412
0.3824 0.1029 0.0735 0.4412
0.4265 0.0735 0.0735 0.4265
0.3824 0.0441 0.0882 0.4853
0.3088 0.0882 0.1324 0.4706
0.4265 0.1176 0.1029 0.3529
0.3235 0.0735 0.0882 0.5147
0.3529 0.1176 0.1029 0.4265
0.3235 0.1618 0.0882 0.4265
0.3824 0.0882 0.0882 0.4412
0.4118 0.0735 0.1912 0.3235
0.4265 0.0882 0.1618 0.3235
0.4265 0.1029 0.1029 0.3676
0.3235 0.1176 0.1471 0.4118
0.3824 0.1324 0.1029 0.3824
0.3971 0.1471 0.0882 0.3676
0.3971 0.1618 0.1176 0.3235
0.3676 0.1471 0.0588 0.4265
0.3235 0.1029 0.1029 0.4706

MOTIF filter50
letter-probability matrix: alength= 4 w= 24 nsites= 33
0.3784 0.0541 0.1622 0.4054
0.4865 0.1622 0.0270 0.3243
0.4054 0.2162 0.0811 0.2973
0.2973 0.0811 0.1892 0.4324
0.2703 0.1081 0.1351 0.4865
0.3514 0.1622 0.1081 0.3784
0.5135 0.2162 0.0811 0.1892
0.2973 0.1622 0.0541 0.4865
0.4324 0.1351 0.0811 0.3514
0.3784 0.1351 0.0541 0.4324
0.5405 0.0541 0.0541 0.3514
0.4324 0.0541 0.0270 0.4865
0.3514 0.1081 0.1622 0.3784
0.6216 0.0541 0.1351 0.1892
0.5135 0.0811 0.1351 0.2703
0.4054 0.1622 0.0811 0.3514
0.3784 0.1892 0.1081 0.3243
0.3514 0.0811 0.0811 0.4865
0.4054 0.1351 0.1622 0.2973
0.3514 0.1622 0.2703 0.2162
0.4054 0.1351 0.1622 0.2973
0.2432 0.1081 0.1081 0.5405
0.4595 0.0811 0.1081 0.3514
0.2973 0.1892 0.1081 0.4054

MOTIF filter51
letter-probability matrix: alength= 4 w= 24 nsites= 57
0.2623 0.3443 0.0820 0.3115
0.4262 0.1967 0.1148 0.2623
0.3443 0.2295 0.0820 0.3443
0.2623 0.0820 0.0984 0.5574
0.4262 0.1803 0.1148 0.2787
0.2623 0.0984 0.2951 0.3443
0.2951 0.1475 0.1639 0.3934
0.3115 0.1311 0.3770 0.1803
0.3279 0.1967 0.1475 0.3279
0.3770 0.1148 0.1148 0.3934
0.2459 0.1311 0.3279 0.2951
0.3607 0.0984 0.2459 0.2951
0.4098 0.1967 0.1311 0.2623
0.2131 0.0984 0.3607 0.3279
0.2131 0.1967 0.1311 0.4590
0.3279 0.1967 0.1475 0.3279
0.2951 0.1311 0.3115 0.2623
0.2787 0.1475 0.2951 0.2787
0.2459 0.1803 0.1639 0.4098
0.3607 0.2295 0.1639 0.2459
0.2459 0.2623 0.1475 0.3443
0.2131 0.1475 0.2131 0.4262
0.3934 0.1148 0.1311 0.3607
0.2951 0.1148 0.1639 0.4262

MOTIF filter52
letter-probability matrix: alength= 4 w= 24 nsites= 254
0.6047 0.0775 0.0659 0.2519
0.4264 0.1395 0.1550 0.2791
0.4264 0.1318 0.1550 0.2868
0.3643 0.1008 0.1628 0.3721
0.4806 0.1240 0.1085 0.2868
0.3760 0.1512 0.1240 0.3488
0.3953 0.1318 0.1279 0.3450
0.4225 0.1395 0.1202 0.3178
0.4225 0.1124 0.0930 0.3721
0.3643 0.1279 0.1318 0.3760
0.3450 0.1899 0.1318 0.3333
0.3721 0.1240 0.1357 0.3682
0.4147 0.1202 0.1434 0.3217
0.3837 0.0969 0.1705 0.3488
0.3721 0.1434 0.1434 0.3411
0.3372 0.1240 0.1357 0.4031
0.3527 0.1589 0.1202 0.3682
0.3682 0.1744 0.1240 0.3333
0.3411 0.1589 0.1434 0.3566
0.3566 0.1550 0.1589 0.3295
0.3837 0.1279 0.1628 0.3256
0.4031 0.1085 0.1395 0.3488
0.3721 0.1550 0.1434 0.3295
0.3721 0.1512 0.1512 0.3256

MOTIF filter53
letter-probability matrix: alength= 4 w= 24 nsites= 120
0.1694 0.2984 0.0565 0.4758
0.4032 0.1371 0.1532 0.3065
0.3387 0.0887 0.1855 0.3871
0.4113 0.1129 0.1452 0.3306
0.3306 0.1452 0.1613 0.3629
0.4274 0.2016 0.1290 0.2419
0.3387 0.1371 0.1532 0.3710
0.3468 0.1210 0.1129 0.4194
0.2984 0.1694 0.2339 0.2984
0.3387 0.1532 0.2016 0.3065
0.3629 0.1935 0.1129 0.3306
0.4194 0.1371 0.1371 0.3065
0.3871 0.1532 0.0968 0.3629
0.3387 0.1210 0.1855 0.3548
0.3468 0.1290 0.1694 0.3548
