MEME version 4

ALPHABET= ACGT

Background letter frequencies:
A 0.2961 C 0.2039 G 0.2038 T 0.2963

MOTIF filter0
letter-probability matrix: alength= 4 w= 24 nsites= 391
0.2203 0.3165 0.1266 0.3367
0.3291 0.1646 0.1646 0.3418
0.2835 0.2127 0.1342 0.3696
0.3063 0.2076 0.1494 0.3367
0.2785 0.1975 0.1595 0.3646
0.2759 0.2152 0.1823 0.3266
0.2759 0.1797 0.1468 0.3975
0.3038 0.2203 0.1646 0.3114
0.3038 0.1646 0.1873 0.3443
0.2633 0.2228 0.1722 0.3418
0.3063 0.1696 0.2380 0.2861
0.3038 0.2000 0.1899 0.3063
0.2937 0.1772 0.1823 0.3468
0.2582 0.2203 0.1823 0.3392
0.3013 0.2051 0.2000 0.2937
0.2759 0.2127 0.1975 0.3139
0.2759 0.1696 0.2304 0.3241
0.2810 0.2051 0.1797 0.3342
0.2658 0.2076 0.2000 0.3266
0.2759 0.2481 0.1646 0.3114
0.2658 0.2076 0.2203 0.3063
0.2380 0.2253 0.2506 0.2861
0.2684 0.1696 0.2177 0.3443
0.3266 0.1797 0.2253 0.2684

MOTIF filter1
letter-probability matrix: alength= 4 w= 24 nsites= 54
0.5000 0.0690 0.3793 0.0517
0.3448 0.1897 0.2069 0.2586
0.2759 0.2414 0.2069 0.2759
0.3103 0.1897 0.2069 0.2931
0.2069 0.2414 0.2931 0.2586
0.2414 0.1552 0.3103 0.2931
0.2586 0.2586 0.1897 0.2931
0.2414 0.1724 0.2069 0.3793
0.2931 0.3276 0.1552 0.2241
0.3966 0.2414 0.1552 0.2069
0.2241 0.2759 0.2414 0.2586
0.3793 0.1552 0.1207 0.3448
0.3103 0.1897 0.2069 0.2931
0.3103 0.2931 0.2069 0.1897
0.3103 0.2241 0.1897 0.2759
0.1552 0.2931 0.3621 0.1897
0.2931 0.2069 0.2414 0.2586
0.3793 0.2414 0.1207 0.2586
0.2414 0.1207 0.2414 0.3966
0.3276 0.2586 0.1897 0.2241
0.2759 0.2069 0.1552 0.3621
0.3793 0.1897 0.1897 0.2414
0.3276 0.2241 0.1552 0.2931
0.3276 0.1897 0.2414 0.2414

MOTIF filter2
letter-probability matrix: alength= 4 w= 24 nsites= 276
0.2393 0.2929 0.1786 0.2893
0.3107 0.2393 0.2036 0.2464
0.2679 0.2357 0.2821 0.2143
0.3071 0.1714 0.2500 0.2714
0.2536 0.2143 0.1929 0.3393
0.2536 0.2357 0.2179 0.2929
0.3143 0.2143 0.1893 0.2821
0.3036 0.1929 0.1929 0.3107
0.2607 0.2321 0.2643 0.2429
0.2929 0.1929 0.1964 0.3179
0.2643 0.1964 0.2107 0.3286
0.3214 0.2607 0.1714 0.2464
0.3179 0.2036 0.2321 0.2464
0.3321 0.1857 0.1643 0.3179
0.2714 0.1893 0.2571 0.2821
0.3071 0.2071 0.2321 0.2536
0.2286 0.2643 0.1964 0.3107
0.2786 0.2321 0.2357 0.2536
0.3321 0.2357 0.2214 0.2107
0.2607 0.2179 0.1821 0.3393
0.3071 0.1357 0.2679 0.2893
0.2714 0.2607 0.2036 0.2643
0.3107 0.1571 0.2179 0.3143
0.2500 0.2143 0.2750 0.2607

MOTIF filter3
letter-probability matrix: alength= 4 w= 24 nsites= 96
0.2900 0.1400 0.2300 0.3400
0.3100 0.1300 0.2900 0.2700
0.4000 0.1900 0.1100 0.3000
0.3200 0.2200 0.1600 0.3000
0.3500 0.1200 0.1800 0.3500
0.3200 0.1900 0.1900 0.3000
0.2300 0.2400 0.2600 0.2700
0.2900 0.2500 0.1700 0.2900
0.2500 0.3100 0.1700 0.2700
0.2400 0.2300 0.1600 0.3700
0.3300 0.2500 0.1600 0.2600
0.3000 0.2600 0.1400 0.3000
0.2400 0.3000 0.1600 0.3000
0.2700 0.1700 0.2100 0.3500
0.2900 0.2500 0.2000 0.2600
0.2200 0.2000 0.2400 0.3400
0.2200 0.2100 0.1800 0.3900
0.2800 0.2400 0.2000 0.2800
0.3300 0.1600 0.1600 0.3500
0.3100 0.0800 0.3100 0.3000
0.2600 0.1700 0.2800 0.2900
0.3000 0.2400 0.1400 0.3200
0.2700 0.1900 0.2000 0.3400
0.2900 0.2400 0.2300 0.2400

MOTIF filter4
letter-probability matrix: alength= 4 w= 24 nsites= 173
0.2203 0.0678 0.3503 0.3616
0.3277 0.1356 0.2881 0.2486
0.2599 0.2938 0.1864 0.2599
0.2881 0.1638 0.2147 0.3333
0.2486 0.1243 0.3390 0.2881
0.2373 0.2825 0.1695 0.3107
0.2373 0.2599 0.2203 0.2825
0.2034 0.2034 0.3672 0.2260
0.2203 0.2542 0.2655 0.2599
0.3051 0.2260 0.1582 0.3107
0.2260 0.2203 0.2429 0.3107
0.3107 0.2316 0.1412 0.3164
0.3390 0.1469 0.2260 0.2881
0.2712 0.2316 0.2486 0.2486
0.2881 0.2316 0.1695 0.3107
0.3616 0.2034 0.2203 0.2147
0.2881 0.2429 0.2655 0.2034
0.2599 0.3051 0.1977 0.2373
0.3559 0.2316 0.1977 0.2147
0.2034 0.1921 0.3785 0.2260
0.2825 0.2260 0.1525 0.3390
0.3333 0.1751 0.1921 0.2994
0.2542 0.1356 0.3164 0.2938
0.2147 0.2203 0.2542 0.3107

MOTIF filter5
letter-probability matrix: alength= 4 w= 24 nsites= 201
0.2293 0.1561 0.2976 0.3171
0.3268 0.2146 0.1512 0.3073
0.3366 0.1854 0.2341 0.2439
0.3122 0.2000 0.2195 0.2683
0.2780 0.2049 0.1415 0.3756
0.3024 0.2537 0.1756 0.2683
0.2829 0.2293 0.1707 0.3171
0.2732 0.2146 0.2780 0.2341
0.3366 0.1659 0.2585 0.2390
0.2683 0.2049 0.1902 0.3366
0.2585 0.2049 0.2049 0.3317
0.2488 0.2098 0.2244 0.3171
0.3268 0.1951 0.1610 0.3171
0.3220 0.1366 0.2195 0.3220
0.2634 0.1854 0.2634 0.2878
0.2341 0.2049 0.2293 0.3317
0.2780 0.2780 0.1707 0.2732
0.2683 0.2293 0.2488 0.2537
0.2976 0.2244 0.2195 0.2585
0.2634 0.2146 0.2098 0.3122
0.3707 0.1610 0.1561 0.3122
0.3220 0.1951 0.1902 0.2927
0.3171 0.2341 0.1805 0.2683
0.2634 0.2244 0.2195 0.2927

MOTIF filter6
letter-probability matrix: alength= 4 w= 24 nsites= 86
0.0778 0.2333 0.2000 0.4889
0.2556 0.2333 0.2556 0.2556
0.2444 0.2556 0.2333 0.2667
0.3000 0.2333 0.2444 0.2222
0.2778 0.2222 0.1778 0.3222
0.3000 0.2111 0.2222 0.2667
0.2556 0.2556 0.2222 0.2667
0.2667 0.2333 0.2111 0.2889
0.2556 0.2444 0.2000 0.3000
0.4000 0.1889 0.1889 0.2222
0.2778 0.2333 0.1889 0.3000
0.3556 0.2333 0.1556 0.2556
0.3333 0.1889 0.2333 0.2444
0.2667 0.2222 0.1778 0.3333
0.2111 0.2556 0.1889 0.3444
0.2000 0.2667 0.2667 0.2667
0.2222 0.2222 0.3000 0.2556
0.2222 0.2556 0.1889 0.3333
0.2222 0.3667 0.1778 0.2333
0.2333 0.2444 0.2667 0.2556
0.2778 0.2333 0.1889 0.3000
0.2889 0.1889 0.2222 0.3000
0.2556 0.2667 0.1222 0.3556
0.3333 0.1667 0.1444 0.3556

MOTIF filter7
letter-probability matrix: alength= 4 w= 24 nsites= 71
0.0400 0.1867 0.5333 0.2400
0.1467 0.1467 0.5333 0.1733
0.1600 0.4667 0.1467 0.2267
0.3067 0.0933 0.3733 0.2267
0.2400 0.2400 0.2133 0.3067
0.1867 0.4000 0.2533 0.1600
0.3600 0.1467 0.2133 0.2800
0.1867 0.0800 0.4667 0.2667
0.4533 0.1067 0.2133 0.2267
0.2000 0.2933 0.1467 0.3600
0.2000 0.0933 0.2000 0.5067
0.2133 0.1600 0.2667 0.3600
0.4533 0.1067 0.0667 0.3733
0.3333 0.0800 0.2133 0.3733
0.3200 0.0267 0.3867 0.2667
0.4667 0.1200 0.1467 0.2667
0.2400 0.3067 0.1067 0.3467
0.2400 0.2800 0.2267 0.2533
0.2533 0.1200 0.2400 0.3867
0.2667 0.2400 0.2533 0.2400
0.2933 0.1333 0.1600 0.4133
0.2267 0.1867 0.3067 0.2800
0.1600 0.1200 0.3467 0.3733
0.3333 0.1733 0.2000 0.2933

MOTIF filter8
letter-probability matrix: alength= 4 w= 24 nsites= 380
0.3125 0.0365 0.2865 0.3646
0.2943 0.1901 0.1641 0.3516
0.2500 0.1693 0.2448 0.3359
0.3151 0.1667 0.1536 0.3646
0.2604 0.2135 0.1823 0.3438
0.3177 0.2266 0.1875 0.2682
0.2630 0.2292 0.1927 0.3151
0.2917 0.2370 0.1823 0.2891
0.2656 0.1953 0.2109 0.3281
0.2891 0.2057 0.2083 0.2969
0.2682 0.2474 0.1797 0.3047
0.2891 0.2057 0.1771 0.3281
0.2682 0.2188 0.2161 0.2969
0.2526 0.2500 0.1797 0.3177
0.2448 0.2057 0.2292 0.3203
0.3125 0.2214 0.1589 0.3073
0.2943 0.1797 0.2109 0.3151
0.3073 0.1667 0.2214 0.3047
0.2500 0.2083 0.2344 0.3073
0.2682 0.2188 0.2214 0.2917
0.2812 0.2161 0.2266 0.2760
0.3125 0.2396 0.1979 0.2500
0.2812 0.2344 0.2109 0.2734
0.3073 0.2031 0.2344 0.2552

MOTIF filter9
letter-probability matrix: alength= 4 w= 24 nsites= 135
0.3453 0.1223 0.1511 0.3813
0.2230 0.3237 0.2302 0.2230
0.3022 0.1655 0.2806 0.2518
0.3165 0.1223 0.2158 0.3453
0.3237 0.2590 0.1439 0.2734
0.3957 0.1511 0.1799 0.2734
0.3165 0.2518 0.1799 0.2518
0.2590 0.3022 0.1799 0.2590
0.4460 0.1583 0.1655 0.2302
0.3381 0.1439 0.2374 0.2806
0.2518 0.1727 0.1079 0.4676
0.2014 0.2158 0.2158 0.3669
0.2230 0.2662 0.2662 0.2446
0.2950 0.1439 0.1727 0.3885
0.3165 0.1871 0.1655 0.3309
0.2518 0.1655 0.1727 0.4101
0.2302 0.2302 0.1942 0.3453
0.2950 0.1871 0.1871 0.3309
0.2518 0.2158 0.2086 0.3237
0.2662 0.2446 0.1655 0.3237
0.3237 0.1511 0.2806 0.2446
0.3165 0.2374 0.1871 0.2590
0.2590 0.2230 0.1655 0.3525
0.3525 0.1655 0.2374 0.2446

MOTIF filter10
letter-probability matrix: alength= 4 w= 24 nsites= 338
0.2135 0.3801 0.1140 0.2924
0.2982 0.2427 0.2368 0.2222
0.3099 0.1725 0.2398 0.2778
0.3246 0.2164 0.2164 0.2427
0.2865 0.1871 0.2602 0.2661
0.2719 0.2135 0.2105 0.3041
0.2339 0.2105 0.2544 0.3012
0.2632 0.2281 0.2251 0.2836
0.2807 0.2047 0.1959 0.3187
0.2982 0.2281 0.1901 0.2836
0.2632 0.2135 0.2544 0.2690
0.2982 0.2456 0.1725 0.2836
0.3099 0.1784 0.2135 0.2982
0.3041 0.1696 0.2778 0.2485
0.3216 0.2076 0.1784 0.2924
0.2719 0.2310 0.2310 0.2661
0.2456 0.2164 0.2222 0.3158
0.2895 0.2164 0.2047 0.2895
0.2778 0.2135 0.2398 0.2690
0.2368 0.2076 0.2427 0.3129
0.2778 0.2047 0.2105 0.3070
0.2456 0.2251 0.2485 0.2807
0.3158 0.1871 0.2339 0.2632
0.3129 0.1959 0.2485 0.2427

MOTIF filter11
letter-probability matrix: alength= 4 w= 24 nsites= 172
0.5625 0.1818 0.1477 0.1080
0.2670 0.1875 0.2955 0.2500
0.3352 0.1591 0.1932 0.3125
0.3807 0.2045 0.1591 0.2557
0.3352 0.1591 0.1989 0.3068
0.2898 0.2102 0.1761 0.3239
0.3807 0.1307 0.2102 0.2784
0.2955 0.1193 0.2102 0.3750
0.2727 0.2045 0.1534 0.3693
0.2898 0.1023 0.2727 0.3352
0.3068 0.1818 0.1818 0.3295
0.3182 0.1648 0.1420 0.3750
0.3523 0.1761 0.1705 0.3011
0.3182 0.2216 0.1477 0.3125
0.3011 0.2216 0.1875 0.2898
0.3523 0.1818 0.1932 0.2727
0.3239 0.1818 0.1761 0.3182
0.3182 0.1193 0.1648 0.3977
0.2784 0.1989 0.2159 0.3068
0.3011 0.2330 0.2159 0.2500
0.3011 0.2216 0.1307 0.3466
0.3466 0.1648 0.1932 0.2955
0.3239 0.1307 0.2159 0.3295
0.2841 0.2102 0.1989 0.3068

MOTIF filter12
letter-probability matrix: alength= 4 w= 24 nsites= 193
0.2183 0.3350 0.2538 0.1929
0.2640 0.2538 0.1675 0.3147
0.3046 0.2741 0.1523 0.2690
0.2538 0.3299 0.1371 0.2792
0.3046 0.2538 0.2030 0.2386
0.2132 0.3198 0.2741 0.1929
0.3655 0.2843 0.1117 0.2386
0.2995 0.2284 0.2030 0.2690
0.2487 0.2640 0.1827 0.3046
0.3452 0.2741 0.1726 0.2081
0.2690 0.2335 0.1168 0.3807
0.2995 0.2386 0.1574 0.3046
0.2589 0.2741 0.1726 0.2944
0.2487 0.2437 0.1980 0.3096
0.2487 0.2741 0.2487 0.2284
0.2995 0.3096 0.1066 0.2843
0.3452 0.2792 0.1117 0.2640
0.3350 0.1574 0.2386 0.2690
0.3350 0.2843 0.0914 0.2893
0.2944 0.2335 0.1726 0.2995
0.3452 0.2437 0.2284 0.1827
0.2487 0.3655 0.1269 0.2589
0.3096 0.3147 0.1117 0.2640
0.3147 0.2589 0.1777 0.2487

MOTIF filter13
letter-probability matrix: alength= 4 w= 24 nsites= 284
0.1007 0.1424 0.2465 0.5104
0.1771 0.2222 0.2361 0.3646
0.2188 0.2153 0.2812 0.2847
0.2951 0.1944 0.2222 0.2882
0.3160 0.2188 0.2326 0.2326
0.3125 0.2639 0.1424 0.2812
0.2292 0.2153 0.2847 0.2708
0.2361 0.3194 0.2049 0.2396
0.2604 0.2396 0.2118 0.2882
0.2778 0.2326 0.2361 0.2535
0.2326 0.2083 0.2639 0.2951
0.2743 0.2431 0.2049 0.2778
0.2917 0.1632 0.2917 0.2535
0.2569 0.2674 0.2153 0.2604
0.2500 0.2083 0.2188 0.3229
0.2847 0.1597 0.2292 0.3264
0.2951 0.2292 0.2153 0.2604
0.2083 0.2986 0.1944 0.2986
0.2674 0.2292 0.2361 0.2674
0.2778 0.2326 0.2326 0.2569
0.3125 0.2153 0.2257 0.2465
0.2812 0.2014 0.2500 0.2674
0.2257 0.2326 0.2083 0.3333
0.2396 0.2118 0.2361 0.3125

MOTIF filter14
letter-probability matrix: alength= 4 w= 24 nsites= 77
0.5062 0.0617 0.1111 0.3210
0.4198 0.1358 0.1728 0.2716
0.3086 0.2099 0.1852 0.2963
0.2346 0.2222 0.2346 0.3086
0.2593 0.2222 0.2346 0.2840
0.3210 0.2222 0.2346 0.2222
0.2593 0.1481 0.2840 0.3086
0.3704 0.1481 0.2222 0.2593
0.2346 0.2469 0.1728 0.3457
0.2222 0.2840 0.1728 0.3210
0.2593 0.2963 0.1235 0.3210
0.2222 0.1605 0.2222 0.3951
0.3086 0.2346 0.2099 0.2469
0.2346 0.2222 0.2346 0.3086
0.2346 0.2469 0.2469 0.2716
0.2840 0.1975 0.1852 0.3333
0.3704 0.1728 0.2469 0.2099
0.3827 0.1358 0.2099 0.2716
0.3086 0.2469 0.2593 0.1852
0.2099 0.2469 0.2346 0.3086
0.2593 0.1975 0.2222 0.3210
0.3333 0.2099 0.1975 0.2593
0.3951 0.1975 0.2222 0.1852
0.3210 0.1358 0.2099 0.3333

MOTIF filter15
letter-probability matrix: alength= 4 w= 24 nsites= 59
0.0635 0.7460 0.0476 0.1429
0.1111 0.2381 0.3651 0.2857
0.1111 0.2063 0.4444 0.2381
0.2540 0.2698 0.2063 0.2698
0.2857 0.3333 0.1905 0.1905
0.2381 0.3333 0.2540 0.1746
0.1746 0.2698 0.1905 0.3651
0.3492 0.1429 0.2381 0.2698
0.1587 0.2857 0.2063 0.3492
0.2698 0.1270 0.3175 0.2857
0.4921 0.1270 0.2063 0.1746
0.2540 0.2540 0.2540 0.2381
0.2698 0.2857 0.1429 0.3016
0.3016 0.2857 0.2063 0.2063
0.2540 0.1587 0.3175 0.2698
0.1587 0.2222 0.2857 0.3333
0.2381 0.2698 0.2063 0.2857
0.3810 0.2540 0.1746 0.1905
0.2222 0.2857 0.1587 0.3333
0.1905 0.2857 0.2063 0.3175
0.2381 0.2698 0.2222 0.2698
0.2698 0.3016 0.1746 0.2540
0.2381 0.1429 0.3175 0.3016
0.4286 0.0794 0.2222 0.2698

MOTIF filter16
letter-probability matrix: alength= 4 w= 24 nsites= 160
0.0305 0.8415 0.0732 0.0549
0.2012 0.4756 0.1585 0.1646
0.2378 0.2012 0.3598 0.2012
0.3720 0.1585 0.2744 0.1951
0.2744 0.3476 0.1646 0.2134
0.4207 0.1829 0.1463 0.2500
0.2439 0.2073 0.2805 0.2683
0.2744 0.2378 0.3537 0.1341
0.2317 0.1280 0.4024 0.2378
0.3293 0.2195 0.2866 0.1646
0.2988 0.1951 0.3293 0.1768
0.3659 0.1402 0.2073 0.2866
0.2378 0.1159 0.1280 0.5183
0.2561 0.1220 0.1707 0.4512
0.4329 0.1037 0.0915 0.3720
0.3476 0.0854 0.2073 0.3598
0.3171 0.1341 0.1890 0.3598
0.3354 0.1159 0.1402 0.4085
0.2866 0.1585 0.1402 0.4146
0.2439 0.1951 0.1646 0.3963
0.2317 0.2012 0.1280 0.4390
0.3354 0.1585 0.1280 0.3780
0.3232 0.1037 0.1585 0.4146
0.3476 0.1646 0.1646 0.3232

MOTIF filter17
letter-probability matrix: alength= 4 w= 24 nsites= 392
0.0606 0.1717 0.2677 0.5000
0.3283 0.2071 0.2071 0.2576
0.2449 0.2197 0.2828 0.2525
0.2020 0.2247 0.2121 0.3611
0.3308 0.1439 0.2475 0.2778
0.3131 0.1995 0.2071 0.2803
0.2525 0.1970 0.2399 0.3106
0.3005 0.1641 0.2601 0.2753
0.2475 0.1768 0.2045 0.3712
0.2348 0.2576 0.1944 0.3131
0.3308 0.1768 0.1919 0.3005
0.2576 0.1970 0.2247 0.3207
0.2803 0.2096 0.2071 0.3030
0.3005 0.1919 0.2222 0.2854
0.2702 0.2096 0.1995 0.3207
0.2525 0.1970 0.2323 0.3182
0.2677 0.2172 0.1995 0.3157
0.2753 0.2273 0.2020 0.2955
0.2904 0.2121 0.2247 0.2727
0.3182 0.1869 0.1818 0.3131
0.2980 0.2374 0.1742 0.2904
0.3308 0.1717 0.1869 0.3106
0.3182 0.1717 0.2652 0.2449
0.2753 0.3005 0.2020 0.2222

MOTIF filter18
letter-probability matrix: alength= 4 w= 24 nsites= 145
0.2013 0.0738 0.3423 0.3826
0.1745 0.2483 0.2416 0.3356
0.2282 0.1879 0.2953 0.2886
0.2886 0.1678 0.2349 0.3087
0.2483 0.2013 0.2685 0.2819
0.3289 0.1409 0.2282 0.3020
0.2349 0.2886 0.2483 0.2282
0.2416 0.2282 0.2282 0.3020
0.2148 0.1611 0.2215 0.4027
0.2617 0.2013 0.2148 0.3221
0.2416 0.1275 0.2819 0.3490
0.2349 0.1342 0.3289 0.3020
0.2685 0.1678 0.2617 0.3020
0.2819 0.1275 0.3490 0.2416
0.2617 0.1544 0.3154 0.2685
0.2148 0.1879 0.2752 0.3221
0.2550 0.2148 0.1812 0.3490
0.2550 0.1812 0.2550 0.3087
0.2416 0.1678 0.2349 0.3557
0.2282 0.1879 0.2550 0.3289
0.2685 0.2349 0.2416 0.2550
0.2148 0.1812 0.2550 0.3490
0.2953 0.1946 0.2416 0.2685
0.2617 0.2349 0.2349 0.2685

MOTIF filter19
letter-probability matrix: alength= 4 w= 24 nsites= 96
0.2500 0.2800 0.1100 0.3600
0.2500 0.2300 0.2400 0.2800
0.2700 0.2100 0.2600 0.2600
0.2500 0.2500 0.1800 0.3200
0.3700 0.1700 0.2100 0.2500
0.2800 0.1700 0.2500 0.3000
0.2600 0.2600 0.1600 0.3200
0.2800 0.2700 0.2100 0.2400
0.2600 0.2900 0.1800 0.2700
0.2200 0.2300 0.1700 0.3800
0.2200 0.3500 0.2200 0.2100
0.2600 0.2400 0.1800 0.3200
0.1500 0.2300 0.1800 0.4400
0.3300 0.2100 0.1600 0.3000
0.1800 0.0800 0.1900 0.5500
0.2100 0.2700 0.1900 0.3300
0.1900 0.1700 0.2500 0.3900
0.2600 0.0900 0.3400 0.3100
0.2800 0.1600 0.1800 0.3800
0.1600 0.2300 0.2600 0.3500
0.2400 0.1600 0.2100 0.3900
0.3200 0.1500 0.2500 0.2800
0.2800 0.2800 0.1100 0.3300
0.3000 0.2200 0.1900 0.2900

MOTIF filter20
letter-probability matrix: alength= 4 w= 24 nsites= 237
0.1950 0.3112 0.1120 0.3817
0.2158 0.2199 0.2158 0.3485
0.3112 0.1784 0.2656 0.2448
0.3237 0.2033 0.1950 0.2780
0.2946 0.2158 0.2075 0.2822
0.2988 0.1494 0.2697 0.2822
0.3361 0.1992 0.1535 0.3112
0.3693 0.2116 0.1494 0.2697
0.3154 0.2241 0.2365 0.2241
0.3071 0.2822 0.1660 0.2448
0.3237 0.2199 0.1577 0.2988
0.3112 0.1826 0.2656 0.2407
0.3071 0.2199 0.2199 0.2531
0.2739 0.2158 0.1992 0.3112
0.2241 0.1494 0.3154 0.3112
0.3568 0.2241 0.1660 0.2531
0.2905 0.2075 0.1909 0.3112
0.2946 0.1701 0.2739 0.2614
0.2863 0.2697 0.1577 0.2863
0.2158 0.2573 0.2241 0.3029
0.3734 0.1660 0.2448 0.2158
0.2282 0.2407 0.2324 0.2988
0.2905 0.1826 0.1577 0.3693
0.3112 0.1784 0.2739 0.2365

MOTIF filter21
letter-probability matrix: alength= 4 w= 24 nsites= 220
0.0848 0.1964 0.0446 0.6741
0.1786 0.2098 0.2545 0.3571
0.2812 0.1920 0.2232 0.3036
0.2634 0.2634 0.2232 0.2500
0.3170 0.2366 0.1696 0.2768
0.3036 0.1339 0.3125 0.2500
0.2277 0.2545 0.2098 0.3080
0.3036 0.2188 0.1607 0.3170
0.2277 0.2411 0.2902 0.2411
0.2723 0.2098 0.1875 0.3304
0.3170 0.1429 0.1875 0.3527
0.3036 0.1473 0.2946 0.2545
0.2768 0.2366 0.2054 0.2812
0.2768 0.2500 0.1384 0.3348
0.2723 0.1339 0.2411 0.3527
0.2366 0.2902 0.1830 0.2902
0.3393 0.2277 0.1250 0.3080
0.2768 0.2188 0.2634 0.2411
0.2321 0.2991 0.1741 0.2946
0.3214 0.1875 0.1250 0.3661
0.3080 0.1295 0.1964 0.3661
0.2857 0.2545 0.1250 0.3348
0.2679 0.1384 0.2411 0.3527
0.2857 0.1607 0.2277 0.3259

MOTIF filter22
letter-probability matrix: alength= 4 w= 24 nsites= 152
0.1538 0.0641 0.5769 0.2051
0.3077 0.2885 0.2179 0.1859
0.4103 0.1538 0.1538 0.2821
0.3269 0.1538 0.2500 0.2692
0.2564 0.2564 0.2308 0.2564
0.2051 0.2051 0.2821 0.3077
0.2179 0.2115 0.2308 0.3397
0.2756 0.2308 0.1538 0.3397
0.2436 0.2051 0.2821 0.2692
0.2500 0.1667 0.2885 0.2949
0.2756 0.2051 0.2051 0.3141
0.2628 0.2115 0.1731 0.3526
0.2692 0.2115 0.2051 0.3141
0.2051 0.2500 0.2500 0.2949
0.3077 0.2115 0.1538 0.3269
0.3718 0.1731 0.2179 0.2372
0.3013 0.2436 0.1474 0.3077
0.2051 0.3013 0.1731 0.3205
0.2949 0.2436 0.2115 0.2500
0.2885 0.2564 0.2308 0.2244
0.2692 0.2436 0.1474 0.3397
0.3141 0.1987 0.1474 0.3397
0.3590 0.1923 0.1987 0.2500
0.3910 0.1410 0.1987 0.2692

MOTIF filter23
letter-probability matrix: alength= 4 w= 24 nsites= 239
0.2675 0.2798 0.1440 0.3086
0.2840 0.2016 0.1564 0.3580
0.3251 0.2305 0.1317 0.3128
0.2593 0.1811 0.2346 0.3251
0.3004 0.1358 0.2428 0.3210
0.3045 0.1564 0.1852 0.3539
0.2757 0.1934 0.1770 0.3539
0.3251 0.1687 0.2593 0.2469
0.2963 0.1564 0.2140 0.3333
0.2881 0.2551 0.1440 0.3128
0.3128 0.1934 0.2099 0.2840
0.2551 0.1811 0.2140 0.3498
0.3210 0.2510 0.1358 0.2922
0.2798 0.1852 0.2222 0.3128
0.2675 0.2263 0.1770 0.3292
0.2634 0.2140 0.1687 0.3539
0.2675 0.2099 0.1852 0.3374
0.2510 0.1852 0.1852 0.3786
0.2634 0.2510 0.2058 0.2798
0.2551 0.2634 0.1728 0.3086
0.2346 0.2140 0.1852 0.3663
0.2510 0.2099 0.2099 0.3292
0.2963 0.2140 0.2016 0.2881
0.2922 0.1975 0.2140 0.2963

MOTIF filter24
letter-probability matrix: alength= 4 w= 24 nsites= 165
0.1420 0.1420 0.0710 0.6450
0.2663 0.1598 0.1834 0.3905
0.3314 0.2367 0.1598 0.2722
0.2959 0.1775 0.1953 0.3314
0.2604 0.1834 0.2308 0.3254
0.3195 0.2485 0.1479 0.2840
0.2959 0.1420 0.2308 0.3314
0.2781 0.1598 0.1953 0.3669
0.2367 0.1834 0.2071 0.3728
0.3018 0.2071 0.1657 0.3254
0.2308 0.1361 0.2308 0.4024
0.3550 0.1657 0.1361 0.3432
0.3846 0.1420 0.1420 0.3314
0.2663 0.2130 0.2130 0.3077
0.2722 0.1953 0.1775 0.3550
0.2367 0.2308 0.1657 0.3669
0.2604 0.2426 0.1953 0.3018
0.3314 0.1775 0.2367 0.2544
0.2899 0.1302 0.1716 0.4083
0.2544 0.1598 0.2367 0.3491
0.3254 0.1420 0.2367 0.2959
0.2604 0.1538 0.2426 0.3432
0.2722 0.1775 0.1893 0.3609
0.3195 0.2130 0.1538 0.3136

MOTIF filter25
letter-probability matrix: alength= 4 w= 24 nsites= 413
0.3453 0.2230 0.3621 0.0695
0.3118 0.2590 0.2422 0.1871
0.3022 0.2278 0.2254 0.2446
0.2566 0.2398 0.2686 0.2350
0.2854 0.2062 0.2254 0.2830
0.2638 0.2038 0.2374 0.2950
0.2830 0.2062 0.2782 0.2326
0.3597 0.1918 0.1775 0.2710
0.2878 0.2062 0.2110 0.2950
0.2686 0.2134 0.1871 0.3309
0.2518 0.2494 0.1847 0.3141
0.2710 0.1679 0.1871 0.3741
0.3861 0.2038 0.2038 0.2062
0.2638 0.2734 0.1583 0.3046
0.2566 0.2710 0.1703 0.3022
0.3261 0.2398 0.1751 0.2590
0.2542 0.2734 0.1535 0.3189
0.2518 0.2038 0.1847 0.3597
0.3070 0.2086 0.1703 0.3141
0.3525 0.2326 0.1703 0.2446
0.2806 0.2230 0.2398 0.2566
0.2854 0.2590 0.1775 0.2782
0.2566 0.2494 0.2278 0.2662
0.3381 0.1751 0.2158 0.2710

MOTIF filter26
letter-probability matrix: alength= 4 w= 24 nsites= 355
0.0808 0.0306 0.0306 0.8579
0.2117 0.2396 0.2423 0.3064
0.2897 0.1838 0.1755 0.3510
0.2841 0.2006 0.1922 0.3231
0.2813 0.2228 0.1643 0.3315
0.3008 0.1504 0.2061 0.3426
0.2925 0.2312 0.1950 0.2813
0.2981 0.1811 0.1811 0.3398
0.3259 0.1588 0.2228 0.2925
0.3064 0.2006 0.1894 0.3036
0.3036 0.2563 0.1643 0.2758
0.3231 0.1978 0.1866 0.2925
0.2758 0.2117 0.2117 0.3008
0.3008 0.2033 0.2061 0.2897
0.3148 0.1978 0.2061 0.2813
0.2591 0.2256 0.2284 0.2869
0.2786 0.2618 0.2312 0.2284
0.3231 0.1504 0.2535 0.2730
0.2786 0.2451 0.1978 0.2786
0.2841 0.1922 0.2228 0.3008
0.2981 0.2368 0.2173 0.2479
0.2563 0.2368 0.2145 0.2925
0.2702 0.2173 0.1866 0.3259
0.2869 0.1783 0.2061 0.3287

MOTIF filter27
letter-probability matrix: alength= 4 w= 24 nsites= 180
0.0652 0.1141 0.5272 0.2935
0.1957 0.2228 0.2880 0.2935
0.3370 0.1576 0.1739 0.3315
0.2609 0.2446 0.1522 0.3424
0.3207 0.1902 0.1957 0.2935
0.2717 0.2174 0.2228 0.2880
0.2174 0.2554 0.2065 0.3207
0.2283 0.2717 0.2011 0.2989
0.3750 0.2174 0.1576 0.2500
0.2391 0.2065 0.2337 0.3207
0.3587 0.2228 0.2446 0.1739
0.3207 0.1630 0.1739 0.3424
0.2663 0.2609 0.1685 0.3043
0.2663 0.1467 0.2446 0.3424
0.3533 0.1902 0.1739 0.2826
0.2989 0.2228 0.1848 0.2935
0.2989 0.1957 0.2500 0.2554
0.2989 0.2554 0.1739 0.2717
0.2717 0.2228 0.1522 0.3533
0.2228 0.2391 0.2283 0.3098
0.3098 0.2011 0.2120 0.2772
0.2935 0.1467 0.1957 0.3641
0.2500 0.2011 0.1957 0.3533
0.2826 0.1793 0.2283 0.3098

MOTIF filter28
letter-probability matrix: alength= 4 w= 24 nsites= 210
0.5093 0.1542 0.1028 0.2336
0.2897 0.1589 0.2664 0.2850
0.3224 0.2243 0.1682 0.2850
0.2523 0.2150 0.1729 0.3598
0.2617 0.2383 0.2103 0.2897
0.3131 0.1916 0.2056 0.2897
0.2710 0.2336 0.1822 0.3131
0.3224 0.2009 0.1869 0.2897
0.3458 0.1636 0.1916 0.2991
0.3224 0.1589 0.2243 0.2944
0.2570 0.2009 0.2477 0.2944
0.2897 0.1776 0.2383 0.2944
0.2897 0.1729 0.2664 0.2710
0.2944 0.1822 0.1822 0.3411
0.2430 0.1869 0.2056 0.3645
0.2477 0.2617 0.2009 0.2897
0.2710 0.2430 0.2196 0.2664
0.3271 0.1822 0.1869 0.3037
0.2991 0.2103 0.2150 0.2757
0.2944 0.2150 0.1542 0.3364
0.3084 0.2897 0.1308 0.2710
0.3505 0.2757 0.1449 0.2290
0.3131 0.2570 0.1729 0.2570
0.3178 0.2150 0.1869 0.2804

MOTIF filter29
letter-probability matrix: alength= 4 w= 24 nsites= 197
0.2239 0.1791 0.3632 0.2338
0.2637 0.2537 0.1791 0.3035
0.2189 0.2289 0.3085 0.2438
0.2687 0.1891 0.3333 0.2090
0.1642 0.2438 0.2985 0.2935
0.2736 0.2040 0.1741 0.3483
0.2189 0.1891 0.2488 0.3433
0.2886 0.1891 0.2139 0.3085
0.2886 0.2289 0.1045 0.3781
0.2786 0.1045 0.2189 0.3980
0.3582 0.1891 0.1841 0.2687
0.2388 0.2637 0.1592 0.3383
0.2139 0.2139 0.2040 0.3682
0.2836 0.1841 0.2488 0.2836
0.2289 0.2488 0.2338 0.2886
0.2388 0.1592 0.2786 0.3234
0.3284 0.2139 0.2338 0.2239
0.3532 0.1692 0.2090 0.2687
0.3483 0.1692 0.2388 0.2438
0.3483 0.2189 0.2587 0.1741
0.2687 0.3632 0.1692 0.1990
0.2836 0.1542 0.3184 0.2438
0.3035 0.2438 0.1642 0.2886
0.2239 0.1940 0.1493 0.4328

MOTIF filter30
letter-probability matrix: alength= 4 w= 24 nsites= 33
0.2703 0.2973 0.1081 0.3243
0.1622 0.1892 0.2973 0.3514
0.3784 0.2703 0.1892 0.1622
0.3243 0.2162 0.1351 0.3243
0.2432 0.2162 0.2973 0.2432
0.2162 0.2703 0.2162 0.2973
0.2703 0.1892 0.2162 0.3243
0.3243 0.1892 0.2162 0.2703
0.3514 0.2973 0.2162 0.1351
0.2973 0.1081 0.3243 0.2703
0.2432 0.2162 0.2703 0.2703
0.3243 0.2703 0.1081 0.2973
0.2162 0.1892 0.1351 0.4595
0.1892 0.2162 0.1622 0.4324
0.1892 0.2973 0.2703 0.2432
0.3243 0.1622 0.1622 0.3514
0.3514 0.1892 0.3243 0.1351
0.2162 0.1622 0.3243 0.2973
0.2162 0.1892 0.3243 0.2703
0.2703 0.1892 0.1351 0.4054
0.2432 0.1622 0.2162 0.3784
0.2162 0.2703 0.2432 0.2703
0.3243 0.2432 0.1622 0.2703
0.4054 0.2162 0.1351 0.2432

MOTIF filter31
letter-probability matrix: alength= 4 w= 24 nsites= 463
0.6895 0.0707 0.1092 0.1306
0.4133 0.1863 0.1563 0.2441
0.3683 0.1349 0.1991 0.2976
0.3383 0.1799 0.1692 0.3126
0.3191 0.1949 0.2013 0.2848
0.3597 0.1692 0.1820 0.2891
0.3405 0.2270 0.1670 0.2655
0.3169 0.1820 0.1820 0.3191
0.3255 0.1456 0.2377 0.2912
0.3704 0.1777 0.1713 0.2805
0.3490 0.1692 0.2163 0.2655
0.2934 0.1585 0.2377 0.3105
0.2912 0.1927 0.1949 0.3212
0.3105 0.1991 0.2227 0.2677
0.3041 0.1906 0.2227 0.2827
0.3448 0.2141 0.1756 0.2655
0.2827 0.1970 0.1970 0.3233
0.2762 0.1927 0.2398 0.2912
0.3019 0.1949 0.1991 0.3041
0.3405 0.1820 0.1585 0.3191
0.2934 0.1863 0.2313 0.2891
0.3319 0.2270 0.1820 0.2591
0.3062 0.2206 0.2163 0.2570
0.2976 0.2334 0.2013 0.2677

MOTIF filter32
letter-probability matrix: alength= 4 w= 24 nsites= 99
0.0777 0.5146 0.2427 0.1650
0.2718 0.1748 0.2330 0.3204
0.4078 0.1068 0.2621 0.2233
0.3981 0.0971 0.2718 0.2330
0.2427 0.1942 0.2330 0.3301
0.2524 0.3495 0.2136 0.1845
0.3204 0.1845 0.2524 0.2427
0.2913 0.2330 0.2427 0.2330
0.3883 0.1456 0.1942 0.2718
0.3883 0.1262 0.2039 0.2816
0.2330 0.1068 0.3301 0.3301
0.3107 0.1359 0.2718 0.2816
0.2330 0.2524 0.1650 0.3495
0.1359 0.3107 0.2330 0.3204
0.1748 0.2816 0.3010 0.2427
0.1942 0.2718 0.1650 0.3689
0.2039 0.1165 0.4078 0.2718
0.2816 0.1359 0.3786 0.2039
0.2816 0.1942 0.3398 0.1845
0.2039 0.1650 0.1650 0.4660
0.2136 0.1845 0.2233 0.3786
0.1845 0.2913 0.3010 0.2233
0.3592 0.1845 0.2039 0.2524
0.4175 0.1456 0.3204 0.1165

MOTIF filter33
letter-probability matrix: alength= 4 w= 24 nsites= 293
0.1077 0.3973 0.0774 0.4175
0.2155 0.2054 0.2963 0.2828
0.3333 0.2761 0.1684 0.2222
0.2323 0.2391 0.1684 0.3603
0.2660 0.2290 0.1987 0.3064
0.2694 0.2054 0.2222 0.3030
0.2896 0.1818 0.2222 0.3064
0.2424 0.2054 0.1785 0.3737
0.3232 0.2088 0.1414 0.3266
0.2593 0.2626 0.2222 0.2559
0.1751 0.2424 0.3030 0.2795
0.2222 0.2559 0.2222 0.2997
0.2155 0.2626 0.2189 0.3030
0.2761 0.1515 0.2761 0.2963
0.2727 0.2323 0.2626 0.2323
0.3064 0.1852 0.1717 0.3367
0.2020 0.1448 0.2694 0.3838
0.2222 0.1919 0.2256 0.3603
0.2626 0.2290 0.1178 0.3906
0.1953 0.1919 0.2357 0.3771
0.3064 0.2559 0.1279 0.3098
0.2357 0.2222 0.2155 0.3266
0.2963 0.2525 0.1852 0.2660
0.2660 0.2256 0.2155 0.2929

MOTIF filter34
letter-probability matrix: alength= 4 w= 24 nsites= 307
0.0707 0.4855 0.1640 0.2797
0.2315 0.2701 0.2090 0.2894
0.2926 0.2090 0.2476 0.2508
0.2605 0.2283 0.2476 0.2637
0.2444 0.2154 0.1994 0.3408
0.2926 0.2347 0.1383 0.3344
0.2701 0.1350 0.2733 0.3215
0.2605 0.2508 0.1640 0.3248
0.2765 0.1672 0.2315 0.3248
0.3441 0.1383 0.2412 0.2765
0.3215 0.1640 0.2669 0.2476
0.3215 0.2669 0.1254 0.2862
0.3473 0.1929 0.1576 0.3023
0.3023 0.2154 0.2186 0.2637
0.2315 0.2315 0.1994 0.3376
0.2926 0.1576 0.1736 0.3762
0.3248 0.1736 0.1479 0.3537
0.2733 0.2251 0.1672 0.3344
0.2990 0.2026 0.1897 0.3087
0.2508 0.2090 0.2026 0.3376
0.2894 0.2090 0.2026 0.2990
0.2444 0.1608 0.1994 0.3955
0.2701 0.2026 0.1576 0.3698
0.2540 0.2669 0.1383 0.3408

MOTIF filter35
letter-probability matrix: alength= 4 w= 24 nsites= 137
0.3050 0.4894 0.0355 0.1702
0.2624 0.2908 0.1702 0.2766
0.2482 0.1915 0.2482 0.3121
0.3050 0.2482 0.1135 0.3333
0.2624 0.2199 0.2695 0.2482
0.2837 0.1844 0.2553 0.2766
0.3333 0.2624 0.1489 0.2553
0.2908 0.2057 0.3121 0.1915
0.3546 0.1631 0.2553 0.2270
0.2411 0.3333 0.1915 0.2340
0.2695 0.2270 0.3191 0.1844
0.2837 0.1702 0.3617 0.1844
0.2766 0.2837 0.1915 0.2482
0.3830 0.1986 0.1844 0.2340
0.2482 0.1986 0.3050 0.2482
0.2482 0.3191 0.1348 0.2979
0.2411 0.1489 0.2624 0.3475
0.2199 0.1773 0.3617 0.2411
0.3121 0.2695 0.1135 0.3050
0.2624 0.2128 0.2128 0.3121
0.2340 0.1418 0.2340 0.3901
0.2624 0.1844 0.2695 0.2837
0.3050 0.1135 0.1986 0.3830
0.2340 0.0993 0.3475 0.3191

MOTIF filter36
letter-probability matrix: alength= 4 w= 24 nsites= 225
0.3362 0.3668 0.1703 0.1266
0.2707 0.1921 0.2009 0.3362
0.2838 0.2271 0.2183 0.2707
0.3057 0.1921 0.2445 0.2576
0.3057 0.2052 0.2227 0.2664
0.3013 0.1965 0.1790 0.3231
0.3755 0.1616 0.2358 0.2271
0.2882 0.2183 0.1921 0.3013
0.3362 0.2009 0.2140 0.2489
0.2926 0.2096 0.1834 0.3144
0.3319 0.1834 0.2271 0.2576
0.3275 0.1397 0.1965 0.3362
0.3493 0.1659 0.2183 0.2664
0.3057 0.2314 0.1965 0.2664
0.3188 0.2052 0.2227 0.2533
0.3231 0.1572 0.2664 0.2533
0.3712 0.1965 0.1397 0.2926
0.3057 0.1528 0.2183 0.3231
0.3057 0.2183 0.2052 0.2707
0.2489 0.2620 0.2183 0.2707
0.2795 0.2402 0.1965 0.2838
0.2009 0.2140 0.2489 0.3362
0.2838 0.2445 0.1703 0.3013
0.3188 0.1921 0.1747 0.3144

MOTIF filter37
letter-probability matrix: alength= 4 w= 24 nsites= 186
0.0579 0.4211 0.0263 0.4947
0.2895 0.1789 0.2684 0.2632
0.2105 0.2263 0.3105 0.2526
0.3158 0.2947 0.1895 0.2000
0.3368 0.1947 0.2474 0.2211
0.2526 0.2263 0.2789 0.2421
0.2737 0.2842 0.1789 0.2632
0.2684 0.1579 0.2368 0.3368
0.2105 0.1421 0.3579 0.2895
0.2737 0.3316 0.1316 0.2632
0.2474 0.2316 0.2684 0.2526
0.2263 0.2000 0.3263 0.2474
0.2526 0.3000 0.2053 0.2421
0.3000 0.1895 0.2842 0.2263
0.2263 0.2105 0.3526 0.2105
0.2579 0.2737 0.1158 0.3526
0.2684 0.1842 0.1842 0.3632
0.2053 0.2263 0.2789 0.2895
0.2684 0.3895 0.0789 0.2632
0.3789 0.1579 0.1789 0.2842
0.2105 0.1526 0.3105 0.3263
0.2158 0.3158 0.1579 0.3105
0.3579 0.2000 0.1947 0.2474
0.2526 0.1789 0.2947 0.2737

MOTIF filter38
letter-probability matrix: alength= 4 w= 24 nsites= 228
0.0388 0.3190 0.2974 0.3448
0.2112 0.2284 0.2845 0.2759
0.2198 0.1724 0.3147 0.2931
0.2586 0.1940 0.1940 0.3534
0.2845 0.2284 0.2155 0.2716
0.2543 0.1897 0.2500 0.3060
0.2500 0.1724 0.2802 0.2974
0.2586 0.1466 0.2759 0.3190
0.1983 0.2414 0.3103 0.2500
0.1681 0.2629 0.2328 0.3362
0.2328 0.1638 0.2802 0.3233
0.2629 0.2069 0.2586 0.2716
0.3233 0.2026 0.1940 0.2802
0.2931 0.1681 0.2198 0.3190
0.2112 0.1940 0.3103 0.2845
0.3017 0.1983 0.2414 0.2586
0.3103 0.1897 0.1940 0.3060
0.2974 0.1422 0.2759 0.2845
0.2586 0.1940 0.2069 0.3405
0.2586 0.1853 0.2974 0.2586
0.2414 0.1940 0.2284 0.3362
0.2241 0.1422 0.3405 0.2931
0.2845 0.1293 0.2845 0.3017
0.2716 0.1509 0.2672 0.3103

MOTIF filter39
letter-probability matrix: alength= 4 w= 24 nsites= 322
0.0890 0.2239 0.4939 0.1933
0.2853 0.1840 0.2178 0.3129
0.3834 0.1718 0.1626 0.2822
0.2914 0.2117 0.2117 0.2853
0.2515 0.1994 0.2546 0.2945
0.3129 0.2055 0.2117 0.2699
0.2669 0.2945 0.2086 0.2301
0.2607 0.2239 0.1871 0.3282
0.3313 0.2270 0.2055 0.2362
0.2669 0.2485 0.2178 0.2669
0.2454 0.2025 0.1718 0.3804
0.2853 0.2515 0.2025 0.2607
0.3129 0.1963 0.2209 0.2699
0.2362 0.2239 0.2147 0.3252
0.3160 0.2178 0.1840 0.2822
0.3190 0.2117 0.2117 0.2577
0.2883 0.1779 0.2025 0.3313
0.3282 0.2147 0.2178 0.2393
0.2853 0.1472 0.2730 0.2945
0.2485 0.1994 0.2055 0.3466
0.2607 0.2025 0.2454 0.2914
0.2853 0.2147 0.2086 0.2914
0.2853 0.2607 0.2117 0.2423
0.3834 0.1779 0.1779 0.2607

MOTIF filter40
letter-probability matrix: alength= 4 w= 24 nsites= 63
0.1940 0.3881 0.1493 0.2687
0.1940 0.2537 0.1940 0.3582
0.3433 0.1940 0.1940 0.2687
0.2985 0.2239 0.2388 0.2388
0.2537 0.2090 0.2090 0.3284
0.4030 0.1493 0.1642 0.2836
0.2836 0.1493 0.2687 0.2985
0.3731 0.1642 0.1642 0.2985
0.2836 0.1493 0.3582 0.2090
0.3731 0.2090 0.1493 0.2687
0.3284 0.2388 0.1940 0.2388
0.2985 0.1940 0.2239 0.2836
0.2985 0.2090 0.3134 0.1791
0.3134 0.1791 0.2090 0.2985
0.3433 0.1045 0.1940 0.3582
0.2537 0.1194 0.4328 0.1940
0.2388 0.1791 0.2687 0.3134
0.2687 0.1493 0.2090 0.3731
0.2687 0.1194 0.3284 0.2836
0.2537 0.1194 0.3582 0.2687
0.3433 0.1493 0.3433 0.1642
0.2388 0.2239 0.1493 0.3881
0.3284 0.1642 0.2687 0.2388
0.2388 0.1791 0.2687 0.3134

MOTIF filter41
letter-probability matrix: alength= 4 w= 24 nsites= 108
0.3393 0.5179 0.0625 0.0804
0.2321 0.2500 0.1964 0.3214
0.2679 0.1518 0.1696 0.4107
0.2589 0.2411 0.1339 0.3661
0.3482 0.1696 0.1339 0.3482
0.2411 0.2054 0.1786 0.3750
0.2946 0.2946 0.0714 0.3393
0.3393 0.1071 0.1696 0.3839
0.3929 0.1696 0.1696 0.2679
0.2054 0.4286 0.1071 0.2589
0.3482 0.1339 0.1875 0.3304
0.2232 0.2321 0.1786 0.3661
0.1964 0.3036 0.2143 0.2857
0.3036 0.1786 0.2321 0.2857
0.2500 0.1607 0.2054 0.3839
0.1964 0.3393 0.1875 0.2768
0.3839 0.1786 0.1518 0.2857
0.2321 0.2143 0.2679 0.2857
0.2679 0.3214 0.1964 0.2143
0.3036 0.1071 0.1696 0.4196
0.2679 0.2054 0.1339 0.3929
0.2054 0.3839 0.1250 0.2857
0.2857 0.2857 0.1518 0.2768
0.2857 0.2321 0.1339 0.3482

MOTIF filter42
letter-probability matrix: alength= 4 w= 24 nsites= 445
0.2361 0.1091 0.4254 0.2294
0.3163 0.1982 0.1982 0.2873
0.3630 0.1626 0.1871 0.2873
0.3207 0.2049 0.1915 0.2829
0.2628 0.2249 0.2160 0.2962
0.3118 0.1960 0.2272 0.2650
0.3029 0.2316 0.2316 0.2339
0.3207 0.2071 0.2294 0.2428
0.3163 0.1759 0.2138 0.2940
0.2873 0.2227 0.1960 0.2940
0.2806 0.2071 0.1982 0.3140
0.2873 0.1960 0.2205 0.2962
0.3608 0.1782 0.2004 0.2606
0.3051 0.2205 0.2138 0.2606
0.3051 0.2071 0.2116 0.2762
0.2873 0.2183 0.2249 0.2695
0.3163 0.2183 0.2205 0.2450
0.3163 0.1871 0.2339 0.2628
0.3096 0.1648 0.2361 0.2895
0.2918 0.2027 0.2494 0.2561
0.3118 0.2561 0.2027 0.2294
0.3318 0.2027 0.2450 0.2205
0.2628 0.2316 0.2272 0.2784
0.2806 0.2160 0.2138 0.2895

MOTIF filter43
letter-probability matrix: alength= 4 w= 24 nsites= 228
0.2026 0.6509 0.0388 0.1078
0.2328 0.2112 0.2284 0.3276
0.3190 0.1509 0.2155 0.3147
0.3147 0.1940 0.2284 0.2629
0.2931 0.2112 0.1983 0.2974
0.2888 0.1897 0.2069 0.3147
0.2629 0.2500 0.1509 0.3362
0.2974 0.2672 0.1595 0.2759
0.2026 0.1422 0.2888 0.3664
0.2888 0.2155 0.2155 0.2802
0.2543 0.2284 0.2026 0.3147
0.2888 0.1466 0.2500 0.3147
0.2974 0.3319 0.1422 0.2284
0.2543 0.1853 0.1983 0.3621
0.2974 0.1940 0.1336 0.3750
0.2672 0.2629 0.1552 0.3147
0.2931 0.1940 0.2371 0.2759
0.3362 0.2198 0.1638 0.2802
0.3276 0.2284 0.2069 0.2371
0.2888 0.2112 0.1983 0.3017
0.2543 0.2543 0.2198 0.2716
0.2802 0.2802 0.2069 0.2328
0.2759 0.1595 0.2586 0.3060
0.3233 0.1681 0.2155 0.2931

MOTIF filter44
letter-probability matrix: alength= 4 w= 24 nsites= 243
0.2753 0.1093 0.0688 0.5466
0.2834 0.1700 0.2470 0.2996
0.3279 0.2470 0.1822 0.2429
0.2996 0.2105 0.2389 0.2510
0.2267 0.2389 0.2267 0.3077
0.3117 0.1862 0.2024 0.2996
0.2470 0.1700 0.2713 0.3117
0.2186 0.1741 0.2713 0.3360
0.2470 0.2186 0.2024 0.3320
0.2227 0.1862 0.2672 0.3239
0.2348 0.1741 0.2551 0.3360
0.2713 0.2267 0.1943 0.3077
0.2794 0.2105 0.2024 0.3077
0.2834 0.1862 0.2267 0.3036
0.3077 0.1741 0.2227 0.2955
0.2794 0.1700 0.2227 0.3279
0.2713 0.1822 0.2834 0.2632
0.2146 0.2267 0.2308 0.3279
0.3158 0.1862 0.2065 0.2915
0.2591 0.2308 0.2470 0.2632
0.2551 0.2632 0.1903 0.2915
0.3198 0.2024 0.1700 0.3077
0.2146 0.2389 0.2348 0.3117
0.2632 0.2510 0.1579 0.3279

MOTIF filter45
letter-probability matrix: alength= 4 w= 24 nsites= 93
0.3814 0.2680 0.1546 0.1959
0.2474 0.2680 0.3299 0.1546
0.2680 0.3196 0.3093 0.1031
0.3814 0.2165 0.2680 0.1340
0.1237 0.0619 0.4021 0.4124
0.1546 0.1753 0.3196 0.3505
0.3608 0.0619 0.5155 0.0619
0.1959 0.2577 0.2784 0.2680
0.5155 0.0619 0.0619 0.3608
0.6186 0.0825 0.0825 0.2165
0.2887 0.1856 0.2474 0.2784
0.1649 0.3093 0.3093 0.2165
0.3093 0.1649 0.2371 0.2887
0.2577 0.1546 0.2680 0.3196
0.3608 0.0722 0.3402 0.2268
0.4227 0.0309 0.3505 0.1959
0.4021 0.2062 0.1031 0.2887
0.1649 0.1546 0.3299 0.3505
0.2268 0.3505 0.1340 0.2887
0.2887 0.1959 0.2371 0.2784
0.2680 0.2062 0.0412 0.4845
0.3608 0.1134 0.1134 0.4124
0.5052 0.1340 0.1237 0.2371
0.3505 0.3402 0.0619 0.2474

MOTIF filter46
letter-probability matrix: alength= 4 w= 24 nsites= 276
0.1214 0.1500 0.1286 0.6000
0.3071 0.1714 0.2286 0.2929
0.3500 0.2107 0.2143 0.2250
0.3321 0.1679 0.1786 0.3214
0.2786 0.2000 0.2250 0.2964
0.2893 0.1964 0.1821 0.3321
0.2500 0.2357 0.2000 0.3143
0.3536 0.1571 0.2429 0.2464
0.3536 0.2071 0.1857 0.2536
0.3000 0.2107 0.1786 0.3107
0.3250 0.1571 0.2679 0.2500
0.3536 0.2107 0.1500 0.2857
0.2821 0.2679 0.1857 0.2643
0.3179 0.1786 0.3000 0.2036
0.2429 0.2214 0.2393 0.2964
0.2321 0.2071 0.1857 0.3750
0.3393 0.1607 0.2679 0.2321
0.3393 0.2357 0.1893 0.2357
0.3286 0.1821 0.2500 0.2393
0.2607 0.1964 0.2500 0.2929
0.2679 0.2036 0.2071 0.3214
0.2464 0.1964 0.2179 0.3393
0.2893 0.2214 0.2750 0.2143
0.2714 0.2393 0.1964 0.2929

MOTIF filter47
letter-probability matrix: alength= 4 w= 24 nsites= 316
0.0531 0.2250 0.1344 0.5875
0.2594 0.2188 0.2812 0.2406
0.2313 0.3125 0.1906 0.2656
0.2344 0.2938 0.1750 0.2969
0.3688 0.1688 0.2313 0.2313
0.3406 0.1938 0.1625 0.3031
0.2969 0.2500 0.1875 0.2656
0.2875 0.1469 0.2844 0.2812
0.2344 0.1750 0.1812 0.4094
0.2250 0.2437 0.1938 0.3375
0.2687 0.1656 0.2656 0.3000
0.2812 0.1844 0.2594 0.2750
0.3031 0.1844 0.2000 0.3125
0.2906 0.1094 0.2875 0.3125
0.3250 0.1875 0.1594 0.3281
0.3000 0.1750 0.1750 0.3500
0.2625 0.1750 0.2219 0.3406
0.3375 0.1688 0.1656 0.3281
0.2812 0.2437 0.1531 0.3219
0.3031 0.2156 0.2125 0.2687
0.2719 0.2469 0.1500 0.3312
0.2687 0.2250 0.1750 0.3312
0.3156 0.1844 0.2062 0.2938
0.2875 0.1875 0.1906 0.3344

MOTIF filter48
letter-probability matrix: alength= 4 w= 24 nsites= 111
0.1478 0.2957 0.1478 0.4087
0.3217 0.1826 0.2696 0.2261
0.3043 0.2000 0.1391 0.3565
0.2261 0.2087 0.2348 0.3304
0.2609 0.2261 0.2174 0.2957
0.2696 0.1913 0.2087 0.3304
0.2783 0.1913 0.2087 0.3217
0.3652 0.2261 0.1739 0.2348
0.2696 0.2435 0.2087 0.2783
0.3478 0.2000 0.1913 0.2609
0.2435 0.2609 0.2261 0.2696
0.2348 0.2522 0.2000 0.3130
0.2870 0.1565 0.2087 0.3478
0.2261 0.1826 0.2696 0.3217
0.2522 0.2174 0.1913 0.3391
0.3130 0.1739 0.2174 0.2957
0.3478 0.1478 0.2435 0.2609
0.3130 0.2435 0.2087 0.2348
0.3826 0.1565 0.2087 0.2522
0.2870 0.3130 0.1217 0.2783
0.2435 0.3130 0.1913 0.2522
0.3130 0.1217 0.2174 0.3478
0.2957 0.1565 0.2174 0.3304
0.2000 0.2696 0.2174 0.3130

MOTIF filter49
letter-probability matrix: alength= 4 w= 24 nsites= 204
0.4423 0.0529 0.0817 0.4231
0.2837 0.1490 0.2308 0.3365
0.2933 0.2163 0.1779 0.3125
0.2885 0.1971 0.1875 0.3269
0.2981 0.2212 0.1827 0.2981
0.2788 0.1731 0.1971 0.3510
0.3510 0.1971 0.1779 0.2740
0.3942 0.1538 0.1875 0.2644
0.2500 0.1779 0.2788 0.2933
0.2500 0.2260 0.2404 0.2837
0.3317 0.2212 0.1538 0.2933
0.2933 0.2019 0.1779 0.3269
0.3077 0.1683 0.2452 0.2788
0.2837 0.1875 0.2067 0.3221
0.2644 0.1779 0.2452 0.3125
0.3317 0.2115 0.1827 0.2740
0.2933 0.1923 0.2356 0.2788
0.2885 0.2067 0.2067 0.2981
0.2212 0.2981 0.2260 0.2548
0.2115 0.2163 0.2500 0.3221
0.2500 0.1683 0.2452 0.3365
0.2933 0.1683 0.2404 0.2981
0.3077 0.1683 0.2260 0.2981
0.3413 0.2163 0.1923 0.2500

MOTIF filter50
letter-probability matrix: alength= 4 w= 24 nsites= 131
0.0593 0.1704 0.4741 0.2963
0.2741 0.2741 0.1185 0.3333
0.2000 0.1481 0.3259 0.3259
0.1556 0.1852 0.3704 0.2889
0.1852 0.2148 0.4000 0.2000
0.3259 0.1852 0.2593 0.2296
0.1778 0.1778 0.3704 0.2741
0.2296 0.4815 0.1111 0.1778
0.3852 0.1630 0.2963 0.1556
0.2963 0.1926 0.0963 0.4148
0.1926 0.0815 0.1111 0.6148
0.2222 0.1481 0.0963 0.5333
0.2000 0.1259 0.0815 0.5926
0.1852 0.1333 0.1037 0.5778
0.2593 0.0963 0.0444 0.6000
0.2593 0.0815 0.0963 0.5630
0.1704 0.1704 0.1185 0.5407
0.2074 0.1111 0.1407 0.5407
0.3185 0.0963 0.1481 0.4370
0.2593 0.1852 0.0815 0.4741
0.2815 0.2074 0.1185 0.3926
0.2741 0.2000 0.1111 0.4148
0.2370 0.1778 0.1556 0.4296
0.2667 0.1778 0.1333 0.4222

MOTIF filter51
letter-probability matrix: alength= 4 w= 24 nsites= 249
0.2292 0.1344 0.1739 0.4625
0.2885 0.1344 0.2134 0.3636
0.3281 0.2372 0.1660 0.2688
0.3043 0.1502 0.2174 0.3281
0.3241 0.2055 0.1976 0.2727
0.3202 0.1858 0.1818 0.3123
0.3043 0.2253 0.1818 0.2885
0.3123 0.1739 0.2134 0.3004
0.3083 0.2016 0.1779 0.3123
0.3162 0.1937 0.1542 0.3360
0.3320 0.1462 0.2174 0.3043
0.2925 0.1937 0.2055 0.3083
0.2925 0.1818 0.2332 0.2925
0.3557 0.2095 0.1739 0.2609
0.3557 0.1581 0.2174 0.2688
0.3439 0.2134 0.1897 0.2530
0.2925 0.2213 0.2055 0.2806
