MEME version 4

ALPHABET= ACGT

Background letter frequencies:
A 0.2916 C 0.2073 G 0.2118 T 0.2893

MOTIF filter1
letter-probability matrix: alength= 4 w= 24 nsites= 68
0.3472 0.1111 0.2222 0.3194
0.2639 0.2500 0.1528 0.3333
0.3056 0.2917 0.2361 0.1667
0.3056 0.1667 0.1944 0.3333
0.2778 0.3056 0.1944 0.2222
0.3056 0.0833 0.2917 0.3194
0.3333 0.2361 0.2222 0.2083
0.2639 0.2361 0.2917 0.2083
0.3056 0.2361 0.1944 0.2639
0.3611 0.2083 0.1806 0.2500
0.2500 0.2361 0.2778 0.2361
0.2083 0.3194 0.2500 0.2222
0.2917 0.2778 0.1389 0.2917
0.3472 0.1528 0.0972 0.4028
0.2917 0.1528 0.3194 0.2361
0.2639 0.2222 0.2639 0.2500
0.3472 0.1389 0.1806 0.3333
0.2222 0.2222 0.2639 0.2917
0.2083 0.2361 0.1806 0.3750
0.2639 0.1528 0.1528 0.4306
0.2778 0.2917 0.1806 0.2500
0.2222 0.1806 0.2917 0.3056
0.2639 0.1528 0.2083 0.3750
0.2778 0.2083 0.2639 0.2500

MOTIF filter2
letter-probability matrix: alength= 4 w= 24 nsites= 16
0.3000 0.3000 0.3500 0.0500
0.2000 0.1000 0.4500 0.2500
0.1500 0.0500 0.6000 0.2000
0.4500 0.4000 0.0500 0.1000
0.1000 0.5500 0.0500 0.3000
0.2500 0.4000 0.1000 0.2500
0.1000 0.2500 0.3500 0.3000
0.1500 0.5000 0.1000 0.2500
0.2000 0.4000 0.2000 0.2000
0.2000 0.4500 0.2000 0.1500
0.3000 0.2500 0.3000 0.1500
0.2000 0.1500 0.3000 0.3500
0.1000 0.1000 0.1500 0.6500
0.2000 0.1500 0.1500 0.5000
0.3000 0.0500 0.2500 0.4000
0.1500 0.3000 0.1500 0.4000
0.3000 0.2000 0.0500 0.4500
0.3000 0.1000 0.1000 0.5000
0.2000 0.2000 0.3500 0.2500
0.2000 0.2500 0.3000 0.2500
0.2500 0.3500 0.1000 0.3000
0.2000 0.3000 0.1500 0.3500
0.2500 0.1000 0.3500 0.3000
0.3500 0.1500 0.2000 0.3000

MOTIF filter3
letter-probability matrix: alength= 4 w= 24 nsites= 76
0.0625 0.2375 0.1125 0.5875
0.2000 0.1625 0.3125 0.3250
0.1625 0.4375 0.1250 0.2750
0.2875 0.2375 0.1625 0.3125
0.3875 0.1000 0.2500 0.2625
0.1625 0.2500 0.2000 0.3875
0.2500 0.2375 0.1500 0.3625
0.2250 0.3000 0.2625 0.2125
0.3500 0.2125 0.2125 0.2250
0.2625 0.2125 0.2000 0.3250
0.2500 0.2125 0.2250 0.3125
0.2500 0.2125 0.2750 0.2625
0.2375 0.2625 0.2500 0.2500
0.3375 0.2125 0.2375 0.2125
0.3375 0.2375 0.1875 0.2375
0.2625 0.1875 0.2250 0.3250
0.2750 0.2250 0.2500 0.2500
0.3625 0.1750 0.2125 0.2500
0.3000 0.2750 0.1750 0.2500
0.2750 0.2125 0.2000 0.3125
0.2750 0.1875 0.3125 0.2250
0.3125 0.2500 0.2250 0.2125
0.2875 0.2375 0.1750 0.3000
0.3375 0.1625 0.2125 0.2875

MOTIF filter4
letter-probability matrix: alength= 4 w= 24 nsites= 111
0.2261 0.2696 0.0957 0.4087
0.3130 0.1652 0.2435 0.2783
0.3304 0.2261 0.1826 0.2609
0.2522 0.2696 0.2174 0.2609
0.3217 0.2696 0.1565 0.2522
0.2783 0.2522 0.1478 0.3217
0.2348 0.2348 0.2435 0.2870
0.2957 0.2348 0.2174 0.2522
0.2957 0.2348 0.2087 0.2609
0.3043 0.1739 0.2348 0.2870
0.2522 0.2087 0.2696 0.2696
0.2087 0.2783 0.1826 0.3304
0.3217 0.2174 0.1739 0.2870
0.2870 0.1913 0.2348 0.2870
0.2435 0.2522 0.2522 0.2522
0.2696 0.2087 0.2522 0.2696
0.2609 0.2261 0.3217 0.1913
0.3217 0.2348 0.2435 0.2000
0.3043 0.1565 0.2696 0.2696
0.3043 0.1652 0.2000 0.3304
0.2261 0.2435 0.2696 0.2609
0.3391 0.1739 0.2348 0.2522
0.4174 0.1739 0.2000 0.2087
0.2696 0.1826 0.2783 0.2696

MOTIF filter5
letter-probability matrix: alength= 4 w= 24 nsites= 71
0.0667 0.3333 0.4800 0.1200
0.3333 0.2000 0.2267 0.2400
0.2267 0.2400 0.2667 0.2667
0.2533 0.3467 0.2533 0.1467
0.2267 0.2667 0.2400 0.2667
0.3600 0.1333 0.1600 0.3467
0.2667 0.1333 0.2800 0.3200
0.2533 0.2000 0.2000 0.3467
0.2267 0.1333 0.1867 0.4533
0.2533 0.2400 0.2267 0.2800
0.2133 0.2133 0.2133 0.3600
0.2800 0.2533 0.2000 0.2667
0.2133 0.2800 0.2533 0.2533
0.3333 0.2133 0.1200 0.3333
0.2933 0.1867 0.2133 0.3067
0.3200 0.2400 0.1467 0.2933
0.2400 0.2800 0.1733 0.3067
0.2133 0.1733 0.3067 0.3067
0.3067 0.2400 0.1867 0.2667
0.3467 0.1600 0.1467 0.3467
0.2400 0.2133 0.1867 0.3600
0.2400 0.2133 0.1867 0.3600
0.2800 0.1867 0.1867 0.3467
0.1867 0.1867 0.3200 0.3067

MOTIF filter6
letter-probability matrix: alength= 4 w= 24 nsites= 73
0.3247 0.4156 0.0909 0.1688
0.2338 0.2078 0.2078 0.3506
0.2987 0.1299 0.1818 0.3896
0.2468 0.1948 0.3117 0.2468
0.2987 0.2208 0.2338 0.2468
0.2727 0.2468 0.3247 0.1558
0.2468 0.1948 0.2987 0.2597
0.2468 0.2857 0.1818 0.2857
0.1818 0.2987 0.2857 0.2338
0.3377 0.2078 0.2597 0.1948
0.3117 0.1818 0.2468 0.2597
0.2727 0.2208 0.2468 0.2597
0.1818 0.2727 0.2468 0.2987
0.2857 0.3377 0.1558 0.2208
0.2597 0.1948 0.2208 0.3247
0.2727 0.2078 0.1688 0.3506
0.2727 0.1948 0.2338 0.2987
0.1818 0.1818 0.2987 0.3377
0.3377 0.1429 0.2597 0.2597
0.2987 0.2468 0.2078 0.2468
0.2727 0.2338 0.2597 0.2338
0.2078 0.2078 0.2338 0.3506
0.1818 0.1688 0.2987 0.3506
0.3247 0.1818 0.1818 0.3117

MOTIF filter7
letter-probability matrix: alength= 4 w= 24 nsites= 13
0.1765 0.0588 0.7059 0.0588
0.2353 0.1765 0.1765 0.4118
0.2353 0.1765 0.4118 0.1765
0.2941 0.1176 0.4118 0.1765
0.2941 0.2353 0.1765 0.2941
0.2353 0.2941 0.1765 0.2941
0.2353 0.3529 0.3529 0.0588
0.4706 0.1176 0.1176 0.2941
0.2941 0.1176 0.1765 0.4118
0.0588 0.2941 0.4118 0.2353
0.3529 0.2941 0.1765 0.1765
0.2353 0.2353 0.2353 0.2941
0.2353 0.1765 0.2941 0.2941
0.2353 0.1176 0.2941 0.3529
0.2353 0.2353 0.1176 0.4118
0.2353 0.1765 0.2941 0.2941
0.1176 0.2353 0.1765 0.4706
0.2941 0.1176 0.2353 0.3529
0.2353 0.1765 0.4118 0.1765
0.3529 0.1765 0.2353 0.2353
0.2941 0.1765 0.1765 0.3529
0.2941 0.2353 0.2941 0.1765
0.2941 0.1765 0.2353 0.2941
0.1765 0.1765 0.2353 0.4118

MOTIF filter8
letter-probability matrix: alength= 4 w= 24 nsites= 44
0.5625 0.1250 0.1250 0.1875
0.2917 0.2083 0.2083 0.2917
0.3125 0.2917 0.1250 0.2708
0.3125 0.1042 0.2917 0.2917
0.2292 0.2500 0.2292 0.2917
0.3958 0.2292 0.1042 0.2708
0.2917 0.1875 0.2083 0.3125
0.2083 0.2292 0.2708 0.2917
0.2500 0.2083 0.2292 0.3125
0.3125 0.1875 0.1875 0.3125
0.3958 0.1458 0.1875 0.2708
0.2708 0.1667 0.3125 0.2500
0.1042 0.2292 0.2917 0.3750
0.2292 0.2500 0.1458 0.3750
0.1875 0.2708 0.2083 0.3333
0.2083 0.2917 0.2292 0.2708
0.3542 0.1042 0.2917 0.2500
0.3542 0.2292 0.2292 0.1875
0.3125 0.3333 0.1042 0.2500
0.3125 0.1875 0.2708 0.2292
0.3750 0.1875 0.1667 0.2708
0.2083 0.2917 0.2500 0.2500
0.2917 0.2083 0.2292 0.2708
0.3958 0.1667 0.2292 0.2083

MOTIF filter9
letter-probability matrix: alength= 4 w= 24 nsites= 52
0.6429 0.1071 0.1786 0.0714
0.2143 0.2143 0.2857 0.2857
0.2857 0.3036 0.1429 0.2679
0.2500 0.1964 0.2321 0.3214
0.2679 0.2321 0.1071 0.3929
0.2679 0.2857 0.1429 0.3036
0.3214 0.1607 0.2679 0.2500
0.1786 0.2321 0.2857 0.3036
0.3393 0.2321 0.1250 0.3036
0.3214 0.2321 0.2679 0.1786
0.2500 0.2500 0.2143 0.2857
0.2500 0.3571 0.1607 0.2321
0.2857 0.1786 0.1964 0.3393
0.2500 0.0714 0.3393 0.3393
0.2857 0.3393 0.1964 0.1786
0.2857 0.1964 0.1607 0.3571
0.1964 0.2321 0.3036 0.2679
0.3214 0.2500 0.1429 0.2857
0.2500 0.1607 0.2679 0.3214
0.2679 0.2321 0.2321 0.2679
0.3750 0.1071 0.1786 0.3393
0.3571 0.1786 0.1964 0.2679
0.1964 0.2679 0.2321 0.3036
0.2500 0.3393 0.1429 0.2679

MOTIF filter10
letter-probability matrix: alength= 4 w= 24 nsites= 74
0.5769 0.0769 0.3077 0.0385
0.2692 0.2179 0.2564 0.2564
0.2821 0.2436 0.2179 0.2564
0.3462 0.1410 0.3462 0.1667
0.2436 0.3077 0.2051 0.2436
0.1923 0.2821 0.1923 0.3333
0.2692 0.1795 0.2692 0.2821
0.2692 0.1923 0.1795 0.3590
0.2949 0.1282 0.1923 0.3846
0.2692 0.1410 0.3590 0.2308
0.2051 0.2308 0.2179 0.3462
0.2564 0.1923 0.2436 0.3077
0.2308 0.1410 0.3718 0.2564
0.2308 0.2436 0.2821 0.2436
0.3462 0.2051 0.1923 0.2564
0.2692 0.2308 0.2436 0.2564
0.1923 0.3462 0.1538 0.3077
0.2821 0.1795 0.2436 0.2949
0.1667 0.2308 0.3205 0.2821
0.2179 0.2692 0.2692 0.2436
0.3590 0.1026 0.2436 0.2949
0.3077 0.2179 0.2436 0.2308
0.3846 0.1923 0.1282 0.2949
0.2436 0.2436 0.2179 0.2949

MOTIF filter11
letter-probability matrix: alength= 4 w= 24 nsites= 30
0.1176 0.2647 0.0294 0.5882
0.2059 0.3529 0.2647 0.1765
0.2647 0.2941 0.2353 0.2059
0.3235 0.3235 0.0882 0.2647
0.2941 0.2647 0.2647 0.1765
0.2059 0.3529 0.1471 0.2941
0.2941 0.2059 0.1765 0.3235
0.3529 0.1176 0.3824 0.1471
0.4412 0.1471 0.1765 0.2353
0.2941 0.1176 0.3235 0.2647
0.2941 0.2647 0.2353 0.2059
0.3235 0.2941 0.2059 0.1765
0.2059 0.2941 0.3235 0.1765
0.2647 0.2647 0.1765 0.2941
0.2353 0.3235 0.2353 0.2059
0.2647 0.1765 0.3235 0.2353
0.1765 0.2941 0.1765 0.3529
0.2353 0.2059 0.2941 0.2647
0.2647 0.2353 0.2647 0.2353
0.3235 0.2647 0.1765 0.2353
0.1176 0.2059 0.3529 0.3235
0.2353 0.2647 0.2059 0.2941
0.3529 0.1176 0.1471 0.3824
0.1765 0.2647 0.2941 0.2647

MOTIF filter12
letter-probability matrix: alength= 4 w= 24 nsites= 18
0.3182 0.0455 0.5000 0.1364
0.3182 0.3182 0.0909 0.2727
0.2273 0.2727 0.3182 0.1818
0.2727 0.2273 0.2727 0.2273
0.3182 0.1364 0.3182 0.2273
0.1818 0.2273 0.4091 0.1818
0.2273 0.3182 0.3182 0.1364
0.3636 0.2727 0.0455 0.3182
0.1818 0.2727 0.3182 0.2273
0.3636 0.2273 0.1818 0.2273
0.2273 0.2273 0.1364 0.4091
0.1818 0.1364 0.2727 0.4091
0.2273 0.1364 0.2727 0.3636
0.3636 0.2273 0.1818 0.2273
0.3636 0.1818 0.1818 0.2727
0.0909 0.3636 0.1818 0.3636
0.3182 0.3636 0.2273 0.0909
0.3636 0.1364 0.3182 0.1818
0.2727 0.2727 0.1364 0.3182
0.3182 0.1818 0.1818 0.3182
0.2273 0.0909 0.3182 0.3636
0.2727 0.3182 0.1818 0.2273
0.3182 0.2273 0.2273 0.2273
0.2727 0.1364 0.2727 0.3182

MOTIF filter13
letter-probability matrix: alength= 4 w= 24 nsites= 62
0.0455 0.3485 0.5303 0.0758
0.2879 0.3333 0.1818 0.1970
0.3788 0.1515 0.1667 0.3030
0.3030 0.1970 0.2121 0.2879
0.2273 0.2273 0.2121 0.3333
0.1970 0.2424 0.1364 0.4242
0.2121 0.3182 0.3333 0.1364
0.1970 0.3333 0.1212 0.3485
0.2424 0.2576 0.3333 0.1667
0.2273 0.1515 0.2879 0.3333
0.1970 0.4394 0.1667 0.1970
0.3182 0.1970 0.1061 0.3788
0.2727 0.1818 0.2879 0.2576
0.2879 0.2273 0.2273 0.2576
0.1970 0.2727 0.1970 0.3333
0.3485 0.1970 0.1970 0.2576
0.2879 0.3182 0.1515 0.2424
0.2576 0.1667 0.1515 0.4242
0.2424 0.2273 0.3030 0.2273
0.2424 0.2273 0.1818 0.3485
0.2727 0.1212 0.2273 0.3788
0.3030 0.1364 0.2424 0.3182
0.2727 0.2273 0.1818 0.3182
0.2879 0.2121 0.2121 0.2879

MOTIF filter14
letter-probability matrix: alength= 4 w= 24 nsites= 131
0.1259 0.2519 0.3037 0.3185
0.3111 0.1704 0.2148 0.3037
0.2741 0.2000 0.2148 0.3111
0.2593 0.2593 0.2000 0.2815
0.2889 0.2222 0.2074 0.2815
0.2593 0.2074 0.2741 0.2593
0.3185 0.2074 0.2222 0.2519
0.2148 0.1852 0.2741 0.3259
0.2815 0.2667 0.1704 0.2815
0.2370 0.2074 0.2074 0.3481
0.2593 0.2296 0.2444 0.2667
0.3037 0.2519 0.2000 0.2444
0.3333 0.2667 0.1778 0.2222
0.3037 0.1926 0.2222 0.2815
0.3259 0.1556 0.2370 0.2815
0.2593 0.2593 0.2074 0.2741
0.2741 0.2148 0.2074 0.3037
0.2074 0.2296 0.2741 0.2889
0.2741 0.2741 0.1778 0.2741
0.2963 0.2074 0.1926 0.3037
0.2963 0.2519 0.2074 0.2444
0.3111 0.2815 0.1481 0.2593
0.1852 0.1704 0.3111 0.3333
0.2519 0.2222 0.1704 0.3556

MOTIF filter15
letter-probability matrix: alength= 4 w= 24 nsites= 40
0.2045 0.2045 0.5000 0.0909
0.2955 0.2955 0.1818 0.2273
0.3409 0.2273 0.1591 0.2727
0.4091 0.1818 0.2045 0.2045
0.3636 0.1818 0.1818 0.2727
0.2727 0.2045 0.2727 0.2500
0.2727 0.2727 0.3182 0.1364
0.2045 0.1818 0.3182 0.2955
0.2727 0.2500 0.1818 0.2955
0.3182 0.2955 0.1364 0.2500
0.3636 0.2273 0.1818 0.2273
0.3636 0.1818 0.2045 0.2500
0.1591 0.2727 0.2500 0.3182
0.2045 0.1818 0.2727 0.3409
0.2727 0.1818 0.1364 0.4091
0.1818 0.2500 0.2955 0.2727
0.1591 0.2273 0.1818 0.4318
0.2955 0.0682 0.2500 0.3864
0.3182 0.2500 0.2273 0.2045
0.2500 0.2273 0.2045 0.3182
0.2273 0.2273 0.2727 0.2727
0.2727 0.1818 0.1364 0.4091
0.2727 0.2500 0.1364 0.3409
0.3409 0.1591 0.2500 0.2500

MOTIF filter16
letter-probability matrix: alength= 4 w= 24 nsites= 31
0.0571 0.2286 0.0857 0.6286
0.2857 0.1429 0.2857 0.2857
0.2571 0.1714 0.2000 0.3714
0.0857 0.3429 0.2286 0.3429
0.2857 0.2286 0.1714 0.3143
0.2286 0.2857 0.1714 0.3143
0.1714 0.0857 0.3714 0.3714
0.2857 0.1429 0.4000 0.1714
0.2286 0.3143 0.1714 0.2857
0.2000 0.2286 0.1714 0.4000
0.2571 0.1429 0.3143 0.2857
0.3714 0.2286 0.1429 0.2571
0.2571 0.2571 0.2286 0.2571
0.2286 0.2000 0.3143 0.2571
0.3143 0.2286 0.1429 0.3143
0.2286 0.2857 0.2286 0.2571
0.2571 0.2000 0.2286 0.3143
0.3429 0.1143 0.1714 0.3714
0.2857 0.2000 0.2286 0.2857
0.2857 0.2000 0.3143 0.2000
0.2857 0.3714 0.2286 0.1143
0.2286 0.2000 0.2286 0.3429
0.1714 0.1714 0.2857 0.3714
0.2571 0.2286 0.1143 0.4000

MOTIF filter17
letter-probability matrix: alength= 4 w= 24 nsites= 33
0.0270 0.0811 0.3514 0.5405
0.1622 0.1622 0.2703 0.4054
0.2162 0.2432 0.1892 0.3514
0.3514 0.1892 0.1892 0.2703
0.3514 0.1081 0.2432 0.2973
0.2973 0.1351 0.1622 0.4054
0.3243 0.2703 0.1892 0.2162
0.3784 0.1622 0.2162 0.2432
0.4324 0.1622 0.1622 0.2432
0.4054 0.2162 0.1081 0.2703
0.2703 0.2162 0.1622 0.3514
0.3243 0.1351 0.2432 0.2973
0.2432 0.2432 0.2162 0.2973
0.3243 0.1622 0.2703 0.2432
0.2973 0.3243 0.1892 0.1892
0.1351 0.2162 0.2703 0.3784
0.4054 0.2162 0.1892 0.1892
0.4054 0.1892 0.1351 0.2703
0.3243 0.2703 0.1892 0.2162
0.2973 0.0811 0.2432 0.3784
0.3514 0.2162 0.0541 0.3784
0.2162 0.3514 0.1622 0.2703
0.1892 0.1351 0.2973 0.3784
0.3243 0.1081 0.2703 0.2973

MOTIF filter18
letter-probability matrix: alength= 4 w= 24 nsites= 60
0.2188 0.3906 0.1875 0.2031
0.3594 0.1719 0.1875 0.2812
0.2656 0.1719 0.2656 0.2969
0.2500 0.2969 0.1875 0.2656
0.2969 0.2344 0.1875 0.2812
0.2812 0.1094 0.2969 0.3125
0.2812 0.1250 0.1406 0.4531
0.2969 0.1875 0.1875 0.3281
0.3125 0.2812 0.2344 0.1719
0.2656 0.1562 0.2656 0.3125
0.2500 0.2188 0.2656 0.2656
0.2812 0.2188 0.2969 0.2031
0.3594 0.2344 0.1562 0.2500
0.2188 0.2969 0.2500 0.2344
0.2812 0.1719 0.2812 0.2656
0.3281 0.1875 0.2500 0.2344
0.4375 0.2500 0.1250 0.1875
0.2500 0.2500 0.1875 0.3125
0.2656 0.1562 0.2969 0.2812
0.2344 0.2656 0.2344 0.2656
0.1406 0.1875 0.3750 0.2969
0.3281 0.2344 0.2188 0.2188
0.3281 0.1875 0.2656 0.2188
0.2500 0.1719 0.2500 0.3281

MOTIF filter19
letter-probability matrix: alength= 4 w= 24 nsites= 14
0.6111 0.1667 0.0556 0.1667
0.3889 0.2778 0.1667 0.1667
0.2222 0.2222 0.1111 0.4444
0.3333 0.1667 0.3333 0.1667
0.2778 0.1667 0.2778 0.2778
0.4444 0.1111 0.1667 0.2778
0.3333 0.1667 0.1667 0.3333
0.3333 0.2778 0.2222 0.1667
0.1111 0.4444 0.2222 0.2222
0.3889 0.2222 0.2222 0.1667
0.3333 0.2778 0.2222 0.1667
0.3333 0.2778 0.2222 0.1667
0.2222 0.2778 0.1667 0.3333
0.1667 0.4444 0.1111 0.2778
0.2778 0.2778 0.2778 0.1667
0.3889 0.1667 0.2222 0.2222
0.3333 0.1111 0.2778 0.2778
0.2222 0.2222 0.2778 0.2778
0.3333 0.2778 0.1667 0.2222
0.1667 0.1667 0.1667 0.5000
0.1111 0.2778 0.2222 0.3889
0.1667 0.2778 0.1667 0.3889
0.5000 0.2222 0.1111 0.1667
0.3333 0.3333 0.2778 0.0556

MOTIF filter20
letter-probability matrix: alength= 4 w= 24 nsites= 20
0.1250 0.4167 0.1667 0.2917
0.1667 0.4583 0.1667 0.2083
0.0417 0.3750 0.2917 0.2917
0.3333 0.3333 0.2083 0.1250
0.4583 0.1667 0.2083 0.1667
0.2500 0.3750 0.1667 0.2083
0.3750 0.2500 0.0833 0.2917
0.1667 0.3333 0.2083 0.2917
0.1667 0.3750 0.1667 0.2917
0.2083 0.2083 0.4167 0.1667
0.1667 0.2917 0.2500 0.2917
0.0833 0.3333 0.3333 0.2500
0.2083 0.4167 0.2917 0.0833
0.2917 0.2083 0.2500 0.2500
0.2917 0.0833 0.0833 0.5417
0.2917 0.1250 0.2917 0.2917
0.3750 0.2083 0.1667 0.2500
0.1250 0.2083 0.1667 0.5000
0.4167 0.0833 0.1250 0.3750
0.3333 0.1667 0.1667 0.3333
0.2083 0.2083 0.2083 0.3750
0.2500 0.2083 0.1250 0.4167
0.2083 0.2083 0.1667 0.4167
0.1667 0.2083 0.1667 0.4583

MOTIF filter21
letter-probability matrix: alength= 4 w= 24 nsites= 70
0.1216 0.2703 0.3649 0.2432
0.2432 0.1622 0.2703 0.3243
0.1892 0.1892 0.2297 0.3919
0.2973 0.2027 0.2838 0.2162
0.2973 0.3108 0.1892 0.2027
0.2297 0.1757 0.3243 0.2703
0.3514 0.2027 0.1892 0.2568
0.2027 0.2703 0.2703 0.2568
0.2162 0.1622 0.2838 0.3378
0.3108 0.1486 0.2568 0.2838
0.3378 0.2973 0.1351 0.2297
0.3108 0.1216 0.2162 0.3514
0.2838 0.2432 0.1892 0.2838
0.1757 0.2432 0.2297 0.3514
0.2568 0.2027 0.2297 0.3108
0.2297 0.1757 0.2432 0.3514
0.2162 0.2162 0.1892 0.3784
0.2568 0.1757 0.2973 0.2703
0.3108 0.1622 0.1757 0.3514
0.2568 0.2838 0.1216 0.3378
0.2973 0.1351 0.2027 0.3649
0.2973 0.2027 0.2838 0.2162
0.2973 0.1757 0.2432 0.2838
0.3243 0.2973 0.1216 0.2568

MOTIF filter22
letter-probability matrix: alength= 4 w= 24 nsites= 54
0.0172 0.0345 0.1034 0.8448
0.2069 0.1897 0.3793 0.2241
0.2414 0.2931 0.1379 0.3276
0.3448 0.2241 0.2241 0.2069
0.2069 0.2414 0.3103 0.2414
0.3103 0.2241 0.0862 0.3793
0.3276 0.2241 0.1379 0.3103
0.3103 0.2931 0.1379 0.2586
0.3621 0.3276 0.1379 0.1724
0.3276 0.1379 0.1897 0.3448
0.1552 0.2241 0.3966 0.2241
0.2414 0.2586 0.2414 0.2586
0.1897 0.2759 0.2069 0.3276
0.3103 0.1207 0.2586 0.3103
0.2241 0.2069 0.2586 0.3103
0.2586 0.2759 0.2241 0.2414
0.3621 0.2241 0.1724 0.2414
0.2069 0.2414 0.1897 0.3621
0.3103 0.2586 0.2069 0.2241
0.4138 0.2069 0.1724 0.2069
0.1897 0.2586 0.1897 0.3621
0.2759 0.1552 0.2241 0.3448
0.3276 0.1897 0.2069 0.2759
0.2586 0.2241 0.2241 0.2931

MOTIF filter23
letter-probability matrix: alength= 4 w= 24 nsites= 76
0.1500 0.1625 0.3250 0.3625
0.2875 0.2250 0.2250 0.2625
0.2875 0.2125 0.2125 0.2875
0.3250 0.1875 0.2500 0.2375
0.2875 0.2375 0.2375 0.2375
0.3125 0.2500 0.1375 0.3000
0.2250 0.2375 0.2125 0.3250
0.2625 0.2375 0.2250 0.2750
0.2125 0.1625 0.2875 0.3375
0.2000 0.2125 0.2000 0.3875
0.2875 0.1250 0.1875 0.4000
0.2250 0.2250 0.2125 0.3375
0.3125 0.1875 0.2625 0.2375
0.2375 0.2125 0.2625 0.2875
0.2750 0.2125 0.2875 0.2250
0.2250 0.2375 0.2250 0.3125
0.2125 0.2250 0.2625 0.3000
0.2875 0.2250 0.2375 0.2500
0.2125 0.3125 0.2375 0.2375
0.2000 0.2250 0.2750 0.3000
0.2625 0.1625 0.2625 0.3125
0.2500 0.2125 0.2500 0.2875
0.2875 0.2250 0.2500 0.2375
0.2750 0.2500 0.2375 0.2375

MOTIF filter24
letter-probability matrix: alength= 4 w= 24 nsites= 36
0.3250 0.1250 0.2250 0.3250
0.2750 0.1500 0.2000 0.3750
0.3000 0.1500 0.2000 0.3500
0.4000 0.2250 0.1000 0.2750
0.2750 0.2250 0.2000 0.3000
0.2250 0.1250 0.3500 0.3000
0.1750 0.3000 0.1500 0.3750
0.2250 0.1250 0.3000 0.3500
0.3250 0.2250 0.2250 0.2250
0.2500 0.2000 0.2500 0.3000
0.2750 0.2000 0.3250 0.2000
0.2500 0.2750 0.1750 0.3000
0.1250 0.3750 0.2500 0.2500
0.3250 0.2000 0.3500 0.1250
0.3250 0.2000 0.2500 0.2250
0.1750 0.3000 0.1500 0.3750
0.2500 0.2000 0.2250 0.3250
0.2000 0.3000 0.3000 0.2000
0.2250 0.2750 0.2500 0.2500
0.2250 0.2750 0.2750 0.2250
0.2500 0.2250 0.3000 0.2250
0.3750 0.2250 0.0750 0.3250
0.2750 0.2500 0.2750 0.2000
0.3250 0.3000 0.2000 0.1750

MOTIF filter25
letter-probability matrix: alength= 4 w= 24 nsites= 37
0.4146 0.2439 0.1220 0.2195
0.4146 0.1463 0.0976 0.3415
0.2439 0.2195 0.2927 0.2439
0.3171 0.2195 0.1463 0.3171
0.3171 0.2683 0.1463 0.2683
0.2439 0.1463 0.2195 0.3902
0.2439 0.1951 0.2927 0.2683
0.2439 0.1951 0.2195 0.3415
0.2683 0.1707 0.2195 0.3415
0.2439 0.1220 0.3659 0.2683
0.2927 0.2439 0.1463 0.3171
0.3415 0.1951 0.1951 0.2683
0.1707 0.2195 0.2195 0.3902
0.3415 0.1463 0.1951 0.3171
0.2683 0.1707 0.2927 0.2683
0.4146 0.1951 0.1220 0.2683
0.2439 0.1707 0.3171 0.2683
0.1951 0.1951 0.2683 0.3415
0.3171 0.1951 0.3171 0.1707
0.2439 0.1707 0.2683 0.3171
0.2927 0.2683 0.1951 0.2439
0.4146 0.1463 0.2927 0.1463
0.1951 0.4146 0.1951 0.1951
0.2439 0.1951 0.2195 0.3415

MOTIF filter26
letter-probability matrix: alength= 4 w= 24 nsites= 140
0.2292 0.4653 0.2222 0.0833
0.3056 0.2431 0.2083 0.2431
0.3125 0.2292 0.1667 0.2917
0.3056 0.2292 0.1806 0.2847
0.2639 0.2361 0.2153 0.2847
0.2778 0.2917 0.1944 0.2361
0.2708 0.2431 0.1875 0.2986
0.3403 0.2014 0.1736 0.2847
0.2986 0.1528 0.2778 0.2708
0.3264 0.2083 0.2153 0.2500
0.3333 0.1736 0.1875 0.3056
0.2639 0.2083 0.2153 0.3125
0.3056 0.1875 0.2639 0.2431
0.2778 0.2153 0.2014 0.3056
0.2153 0.2847 0.1875 0.3125
0.2361 0.2708 0.2153 0.2778
0.3125 0.2014 0.1528 0.3333
0.3194 0.1875 0.1944 0.2986
0.3194 0.1458 0.2153 0.3194
0.3542 0.1875 0.2083 0.2500
0.2986 0.1528 0.2361 0.3125
0.3333 0.1806 0.2778 0.2083
0.3264 0.2361 0.2083 0.2292
0.2708 0.2222 0.2014 0.3056

MOTIF filter27
letter-probability matrix: alength= 4 w= 24 nsites= 84
0.5795 0.0455 0.1023 0.2727
0.3182 0.1818 0.2045 0.2955
0.3182 0.2159 0.2273 0.2386
0.2955 0.1477 0.2614 0.2955
0.2500 0.2159 0.2273 0.3068
0.3068 0.1591 0.2500 0.2841
0.3523 0.1136 0.2955 0.2386
0.4091 0.1932 0.1818 0.2159
0.3182 0.2273 0.2273 0.2273
0.2500 0.2500 0.2727 0.2273
0.2841 0.2045 0.2500 0.2614
0.3409 0.2273 0.2273 0.2045
0.3523 0.1477 0.2841 0.2159
0.2841 0.1591 0.2727 0.2841
0.2614 0.2614 0.2045 0.2727
0.2614 0.1932 0.3182 0.2273
0.3523 0.1932 0.1705 0.2841
0.2955 0.2273 0.2500 0.2273
0.2273 0.1818 0.3523 0.2386
0.2727 0.2386 0.2386 0.2500
0.3523 0.1477 0.2045 0.2955
0.2045 0.3182 0.2500 0.2273
0.1705 0.3182 0.2159 0.2955
0.2386 0.3182 0.1932 0.2500

MOTIF filter28
letter-probability matrix: alength= 4 w= 24 nsites= 68
0.1250 0.0139 0.8056 0.0556
0.2500 0.3333 0.2222 0.1944
0.3611 0.2778 0.1389 0.2222
0.3472 0.1806 0.2639 0.2083
0.1389 0.2917 0.3056 0.2639
0.2917 0.2222 0.1528 0.3333
0.3333 0.0972 0.2917 0.2778
0.2639 0.2639 0.1667 0.3056
0.2778 0.3333 0.1250 0.2639
0.2500 0.2083 0.3056 0.2361
0.3194 0.2917 0.1667 0.2222
0.2639 0.3056 0.1806 0.2500
0.2500 0.0694 0.3333 0.3472
0.1944 0.3889 0.1806 0.2361
0.1944 0.3194 0.2222 0.2639
0.4028 0.1667 0.1806 0.2500
0.3333 0.2083 0.2639 0.1944
0.2361 0.3750 0.1667 0.2222
0.3194 0.1528 0.2778 0.2500
0.2361 0.3333 0.1389 0.2917
0.3056 0.2361 0.1806 0.2778
0.3333 0.1528 0.3194 0.1944
0.3889 0.1667 0.2222 0.2222
0.2083 0.1806 0.1944 0.4167

MOTIF filter29
letter-probability matrix: alength= 4 w= 24 nsites= 60
0.2344 0.3750 0.2031 0.1875
0.2812 0.1562 0.2500 0.3125
0.2812 0.1875 0.2500 0.2812
0.3750 0.1250 0.1875 0.3125
0.2812 0.2031 0.2188 0.2969
0.1406 0.1875 0.2969 0.3750
0.2656 0.2656 0.1719 0.2969
0.2969 0.2031 0.2500 0.2500
0.4219 0.2344 0.1250 0.2188
0.3281 0.2031 0.2031 0.2656
0.2969 0.3125 0.2031 0.1875
0.3281 0.2812 0.1250 0.2656
0.2969 0.2344 0.2812 0.1875
0.2500 0.2188 0.2500 0.2812
0.2500 0.2031 0.2188 0.3281
0.3125 0.1406 0.2031 0.3438
0.2812 0.2500 0.2031 0.2656
0.2812 0.1875 0.2656 0.2656
0.2969 0.2188 0.2344 0.2500
0.2656 0.1562 0.2656 0.3125
0.2812 0.1406 0.3125 0.2656
0.3281 0.2812 0.1250 0.2656
0.2812 0.2031 0.1875 0.3281
0.3281 0.1406 0.2656 0.2656

MOTIF filter30
letter-probability matrix: alength= 4 w= 24 nsites= 91
0.3684 0.1789 0.2842 0.1684
0.2737 0.2632 0.2316 0.2316
0.3053 0.1684 0.2316 0.2947
0.2211 0.2105 0.1684 0.4000
0.3158 0.2000 0.1789 0.3053
0.3053 0.1789 0.1789 0.3368
0.2947 0.1684 0.1895 0.3474
0.3158 0.2000 0.2421 0.2421
0.3158 0.2000 0.2526 0.2316
0.1368 0.2526 0.2000 0.4105
0.1895 0.2000 0.2632 0.3474
0.2421 0.2105 0.1684 0.3789
0.2842 0.2000 0.1579 0.3579
0.2737 0.2421 0.2737 0.2105
0.3053 0.1684 0.1579 0.3684
0.2947 0.1684 0.2526 0.2842
0.2632 0.2632 0.2632 0.2105
0.2947 0.2211 0.1895 0.2947
0.2526 0.2632 0.2211 0.2632
0.2421 0.2105 0.2842 0.2632
0.2632 0.2000 0.2842 0.2526
0.2632 0.1895 0.2316 0.3158
0.3684 0.2737 0.1579 0.2000
0.2421 0.2000 0.2737 0.2842

MOTIF filter31
letter-probability matrix: alength= 4 w= 24 nsites= 37
0.4878 0.1951 0.2439 0.0732
0.3171 0.2683 0.1463 0.2683
0.2195 0.2195 0.2195 0.3415
0.2683 0.3415 0.2439 0.1463
0.1951 0.3415 0.1463 0.3171
0.4146 0.2195 0.2683 0.0976
0.2683 0.2927 0.1707 0.2683
0.3659 0.1220 0.2195 0.2927
0.3902 0.1951 0.1220 0.2927
0.3171 0.2683 0.1707 0.2439
0.2439 0.2195 0.2439 0.2927
0.3171 0.1951 0.2195 0.2683
0.2195 0.2195 0.2439 0.3171
0.2195 0.2439 0.1707 0.3659
0.2195 0.2439 0.2683 0.2683
0.2439 0.2683 0.2439 0.2439
0.1220 0.2927 0.2439 0.3415
0.3659 0.1707 0.1707 0.2927
0.3415 0.2683 0.0732 0.3171
0.2439 0.1463 0.1220 0.4878
0.3171 0.2195 0.2439 0.2195
0.1707 0.3902 0.1707 0.2683
0.2683 0.3171 0.1707 0.2439
0.4146 0.1463 0.2683 0.1707

MOTIF filter32
letter-probability matrix: alength= 4 w= 24 nsites= 70
0.0676 0.1892 0.2297 0.5135
0.2838 0.2432 0.1892 0.2838
0.2432 0.1486 0.2703 0.3378
0.2973 0.1892 0.2297 0.2838
0.2973 0.2162 0.2162 0.2703
0.3243 0.2297 0.1892 0.2568
0.3108 0.1757 0.1892 0.3243
0.2703 0.1757 0.1892 0.3649
0.3243 0.1081 0.2703 0.2973
0.2703 0.2162 0.1757 0.3378
0.2027 0.2838 0.1757 0.3378
0.2432 0.2162 0.2162 0.3243
0.2838 0.2432 0.1622 0.3108
0.2432 0.3378 0.1622 0.2568
0.2568 0.2432 0.2568 0.2432
0.2703 0.2703 0.2297 0.2297
0.3243 0.2162 0.1486 0.3108
0.3514 0.1892 0.2162 0.2432
0.3108 0.1216 0.3649 0.2027
0.3108 0.3108 0.1351 0.2432
0.2703 0.2162 0.1892 0.3243
0.2297 0.2297 0.3108 0.2297
0.2432 0.2973 0.2162 0.2432
0.4189 0.2027 0.1351 0.2432

MOTIF filter33
letter-probability matrix: alength= 4 w= 24 nsites= 69
0.4521 0.1096 0.2192 0.2192
0.2192 0.2192 0.2877 0.2740
0.2329 0.1781 0.2877 0.3014
0.3425 0.3151 0.1370 0.2055
0.2740 0.2603 0.2192 0.2466
0.2877 0.2877 0.2055 0.2192
0.3014 0.2055 0.3014 0.1918
0.2740 0.1918 0.1781 0.3562
0.4110 0.1781 0.2192 0.1918
0.3836 0.1918 0.1507 0.2740
0.2877 0.1918 0.2740 0.2466
0.4110 0.1918 0.2055 0.1918
0.3151 0.2329 0.1918 0.2603
0.2740 0.2192 0.2192 0.2877
0.2877 0.1918 0.2603 0.2603
0.2740 0.2603 0.2192 0.2466
0.1918 0.2192 0.2055 0.3836
0.2877 0.1918 0.1918 0.3288
0.3288 0.1507 0.1781 0.3425
0.2192 0.2055 0.2740 0.3014
0.2466 0.2329 0.2329 0.2877
0.2877 0.2192 0.1918 0.3014
0.2877 0.1370 0.2466 0.3288
0.2329 0.2329 0.3014 0.2329

MOTIF filter34
letter-probability matrix: alength= 4 w= 24 nsites= 15
0.0526 0.7895 0.0526 0.1053
0.3684 0.2105 0.1053 0.3158
0.2632 0.1579 0.4211 0.1579
0.3158 0.3158 0.1053 0.2632
0.3684 0.2632 0.1053 0.2632
0.1579 0.0526 0.4737 0.3158
0.4737 0.2105 0.1053 0.2105
0.2105 0.1053 0.2632 0.4211
0.1053 0.1053 0.4737 0.3158
0.1579 0.3684 0.1579 0.3158
0.2632 0.1053 0.2105 0.4211
0.1579 0.2105 0.4737 0.1579
0.4737 0.2632 0.1053 0.1579
0.3684 0.2632 0.2105 0.1579
0.3158 0.1053 0.3158 0.2632
0.2632 0.3158 0.1579 0.2632
0.3158 0.2105 0.1579 0.3158
0.1053 0.1579 0.5263 0.2105
0.2105 0.4737 0.1579 0.1579
0.2105 0.1053 0.1053 0.5789
0.2105 0.2105 0.3684 0.2105
0.2632 0.3684 0.1053 0.2632
0.1053 0.3158 0.2632 0.3158
0.2105 0.3684 0.2105 0.2105

MOTIF filter35
letter-probability matrix: alength= 4 w= 24 nsites= 62
0.6212 0.0758 0.0909 0.2121
0.3333 0.2273 0.2424 0.1970
0.2424 0.2273 0.2576 0.2727
0.2879 0.1970 0.2424 0.2727
0.2727 0.2879 0.2121 0.2273
0.2424 0.2879 0.2424 0.2273
0.3333 0.1364 0.2879 0.2424
0.2727 0.3333 0.2121 0.1818
0.4545 0.1970 0.1515 0.1970
0.2121 0.2273 0.2576 0.3030
0.3182 0.2121 0.1970 0.2727
0.2424 0.2424 0.2879 0.2273
0.2273 0.2727 0.2121 0.2879
0.1364 0.2727 0.2121 0.3788
0.2879 0.2273 0.1818 0.3030
0.3182 0.2424 0.1970 0.2424
0.2424 0.3636 0.2273 0.1667
0.3030 0.1667 0.1515 0.3788
0.3182 0.1061 0.3030 0.2727
0.3485 0.3030 0.1212 0.2273
0.3182 0.1515 0.2273 0.3030
0.2273 0.2424 0.2576 0.2727
0.1818 0.1970 0.2879 0.3333
0.3788 0.2121 0.1667 0.2424

MOTIF filter36
letter-probability matrix: alength= 4 w= 24 nsites= 98
0.2843 0.2843 0.1667 0.2647
0.3529 0.2843 0.1471 0.2157
0.3039 0.2255 0.1765 0.2941
0.2059 0.2255 0.2451 0.3235
0.2451 0.2745 0.1961 0.2843
0.3039 0.2059 0.2353 0.2549
0.2941 0.1961 0.2353 0.2745
0.2941 0.3039 0.1275 0.2745
0.2843 0.2255 0.1765 0.3137
0.2549 0.2059 0.2059 0.3333
0.2647 0.2157 0.2353 0.2843
0.2549 0.2059 0.2157 0.3235
0.3235 0.1961 0.1961 0.2843
0.2843 0.2353 0.2059 0.2745
0.2647 0.1667 0.3137 0.2549
0.2451 0.2451 0.2059 0.3039
0.3039 0.2255 0.2059 0.2647
0.2647 0.1569 0.2647 0.3137
0.2255 0.1961 0.2843 0.2941
0.3333 0.2157 0.2059 0.2451
0.3039 0.2353 0.1667 0.2941
0.3431 0.1961 0.2255 0.2353
0.2745 0.1569 0.2647 0.3039
0.2255 0.2647 0.1765 0.3333

MOTIF filter37
letter-probability matrix: alength= 4 w= 24 nsites= 59
0.0476 0.1905 0.0476 0.7143
0.2540 0.2222 0.1905 0.3333
0.2381 0.1587 0.3492 0.2540
0.4444 0.1905 0.1111 0.2540
0.3492 0.2857 0.1111 0.2540
0.2063 0.2381 0.2381 0.3175
0.3016 0.1746 0.1587 0.3651
0.2857 0.2222 0.1746 0.3175
0.2381 0.2222 0.2381 0.3016
0.3016 0.1587 0.2381 0.3016
0.2540 0.3016 0.1905 0.2540
0.2857 0.1905 0.2381 0.2857
0.2222 0.2063 0.2698 0.3016
0.2222 0.2698 0.2222 0.2857
0.3333 0.1746 0.2063 0.2857
0.2698 0.2222 0.1746 0.3333
0.3016 0.2381 0.2063 0.2540
0.2857 0.2381 0.1905 0.2857
0.2381 0.3016 0.2540 0.2063
0.3016 0.2540 0.1905 0.2540
0.2222 0.1587 0.3968 0.2222
0.2540 0.2698 0.1905 0.2857
0.2540 0.2698 0.1587 0.3175
0.3492 0.1587 0.1905 0.3016

MOTIF filter38
letter-probability matrix: alength= 4 w= 24 nsites= 67
0.1408 0.0423 0.4648 0.3521
0.3099 0.1690 0.2676 0.2535
0.2817 0.1972 0.2254 0.2958
0.1972 0.2817 0.2958 0.2254
0.2394 0.2254 0.2958 0.2394
0.2535 0.2254 0.2113 0.3099
0.1831 0.2676 0.2676 0.2817
0.2817 0.1127 0.3662 0.2394
0.2676 0.2535 0.1268 0.3521
0.2394 0.1831 0.2394 0.3380
0.2113 0.1972 0.3380 0.2535
0.2958 0.2113 0.2254 0.2676
0.2817 0.1831 0.2535 0.2817
0.3380 0.1268 0.3239 0.2113
0.2817 0.2254 0.2535 0.2394
0.2254 0.2394 0.2817 0.2535
0.2254 0.2817 0.2394 0.2535
0.3099 0.1690 0.1831 0.3380
0.2535 0.2535 0.2535 0.2394
0.2254 0.1831 0.3380 0.2535
0.2394 0.2394 0.1831 0.3380
0.2254 0.2113 0.1690 0.3944
0.2535 0.2535 0.2113 0.2817
0.3380 0.2535 0.1972 0.2113

MOTIF filter39
letter-probability matrix: alength= 4 w= 24 nsites= 97
0.3465 0.1386 0.3366 0.1782
0.3267 0.2871 0.1584 0.2277
0.2871 0.1881 0.2673 0.2574
0.2673 0.1980 0.2574 0.2772
0.1782 0.2277 0.2772 0.3168
0.2673 0.1683 0.1980 0.3663
0.2772 0.1881 0.1683 0.3663
0.2475 0.1980 0.2574 0.2970
0.2376 0.2277 0.2772 0.2574
0.3366 0.1782 0.2871 0.1980
0.3168 0.1881 0.2079 0.2871
0.2871 0.1881 0.3069 0.2178
0.2970 0.2574 0.2277 0.2178
0.3366 0.2178 0.1683 0.2772
0.3069 0.1980 0.1584 0.3366
0.3861 0.1683 0.2277 0.2178
0.2475 0.3168 0.1980 0.2376
0.2178 0.2277 0.2772 0.2772
0.2277 0.1584 0.2574 0.3564
0.2673 0.2871 0.1683 0.2772
0.3564 0.1485 0.2574 0.2376
0.2772 0.2475 0.2376 0.2376
0.2277 0.1980 0.2277 0.3465
0.2970 0.2178 0.1881 0.2970

