MEME version 4

ALPHABET= ACGT

Background letter frequencies:
A 0.3142 C 0.1877 G 0.1914 T 0.3067

MOTIF filter0
letter-probability matrix: alength= 4 w= 24 nsites= 272
0.2717 0.1957 0.4384 0.0942
0.3478 0.1848 0.2174 0.2500
0.3333 0.1703 0.1775 0.3188
0.3261 0.1775 0.2101 0.2862
0.3188 0.2101 0.2246 0.2464
0.3043 0.1884 0.1993 0.3080
0.3225 0.1884 0.2246 0.2645
0.3442 0.2319 0.2174 0.2065
0.3261 0.2138 0.1920 0.2681
0.3949 0.2029 0.1884 0.2138
0.3406 0.1848 0.2138 0.2609
0.3659 0.1667 0.2283 0.2391
0.3841 0.1304 0.2101 0.2754
0.3442 0.1775 0.2246 0.2536
0.3152 0.1486 0.2391 0.2971
0.3478 0.1920 0.2283 0.2319
0.3261 0.1920 0.2138 0.2681
0.3804 0.1449 0.2174 0.2572
0.3007 0.1920 0.2210 0.2862
0.3152 0.2500 0.1739 0.2609
0.2899 0.2065 0.1957 0.3080
0.3188 0.1775 0.1884 0.3152
0.2246 0.1993 0.2681 0.3080
0.3007 0.1957 0.2101 0.2935

MOTIF filter1
letter-probability matrix: alength= 4 w= 24 nsites= 110
0.1491 0.6930 0.0351 0.1228
0.2982 0.1667 0.1842 0.3509
0.3509 0.1930 0.1754 0.2807
0.2719 0.2456 0.1930 0.2895
0.2895 0.1754 0.1754 0.3596
0.3158 0.1842 0.1930 0.3070
0.2982 0.2632 0.1491 0.2895
0.3158 0.2281 0.2018 0.2544
0.3421 0.1316 0.2368 0.2895
0.2807 0.2456 0.1491 0.3246
0.3596 0.1228 0.2018 0.3158
0.2895 0.1754 0.2281 0.3070
0.3158 0.2193 0.2105 0.2544
0.3333 0.1842 0.1316 0.3509
0.2632 0.1842 0.1842 0.3684
0.3684 0.2368 0.1667 0.2281
0.2719 0.1842 0.2456 0.2982
0.3860 0.1667 0.1491 0.2982
0.2895 0.2193 0.1667 0.3246
0.3246 0.1316 0.1579 0.3860
0.3246 0.1754 0.1579 0.3421
0.2807 0.2193 0.1667 0.3333
0.3070 0.2018 0.2281 0.2632
0.3333 0.1930 0.1842 0.2895

MOTIF filter2
letter-probability matrix: alength= 4 w= 24 nsites= 181
0.0649 0.0378 0.2649 0.6324
0.3135 0.2108 0.1946 0.2811
0.2811 0.2000 0.1730 0.3459
0.3514 0.1351 0.1892 0.3243
0.2919 0.1784 0.1784 0.3514
0.2973 0.1459 0.2162 0.3405
0.3027 0.1730 0.2054 0.3189
0.3189 0.2108 0.1622 0.3081
0.2757 0.2108 0.1676 0.3459
0.3622 0.1946 0.1730 0.2703
0.3135 0.1676 0.1784 0.3405
0.3676 0.1730 0.1027 0.3568
0.3784 0.1189 0.2162 0.2865
0.2541 0.1892 0.2162 0.3405
0.3189 0.2054 0.1892 0.2865
0.2649 0.2000 0.2108 0.3243
0.3838 0.1514 0.1676 0.2973
0.3027 0.2054 0.1730 0.3189
0.2919 0.2324 0.2108 0.2649
0.2811 0.1514 0.2703 0.2973
0.2919 0.1459 0.2270 0.3351
0.3622 0.1676 0.1784 0.2919
0.3189 0.2000 0.2270 0.2541
0.3135 0.2054 0.1459 0.3351

MOTIF filter3
letter-probability matrix: alength= 4 w= 24 nsites= 186
0.2368 0.4316 0.2684 0.0632
0.3053 0.1895 0.2158 0.2895
0.3105 0.1632 0.2211 0.3053
0.3000 0.1632 0.2263 0.3105
0.2737 0.2421 0.1632 0.3211
0.2474 0.2526 0.2368 0.2632
0.3053 0.2000 0.2105 0.2842
0.3211 0.2105 0.2105 0.2579
0.2632 0.2158 0.2842 0.2368
0.3526 0.1895 0.1842 0.2737
0.3053 0.2368 0.1316 0.3263
0.2053 0.1789 0.2316 0.3842
0.2842 0.1895 0.1947 0.3316
0.2789 0.1842 0.2105 0.3263
0.3211 0.1684 0.2053 0.3053
0.2737 0.1474 0.2158 0.3632
0.3000 0.2000 0.1947 0.3053
0.2737 0.2000 0.2474 0.2789
0.3526 0.1632 0.2368 0.2474
0.3684 0.2053 0.1789 0.2474
0.2789 0.2579 0.1947 0.2684
0.3105 0.2053 0.2105 0.2737
0.2737 0.2105 0.2316 0.2842
0.2368 0.2526 0.2263 0.2842

MOTIF filter4
letter-probability matrix: alength= 4 w= 24 nsites= 69
0.1233 0.1096 0.3151 0.4521
0.3562 0.2055 0.1370 0.3014
0.3288 0.1644 0.1918 0.3151
0.2466 0.3562 0.0959 0.3014
0.2466 0.1918 0.2329 0.3288
0.1918 0.2329 0.2055 0.3699
0.2466 0.2055 0.2192 0.3288
0.3014 0.1781 0.2877 0.2329
0.3151 0.0959 0.3014 0.2877
0.3699 0.1233 0.2329 0.2740
0.3288 0.2192 0.1918 0.2603
0.2603 0.1644 0.2740 0.3014
0.2055 0.1781 0.2466 0.3699
0.3014 0.2740 0.1918 0.2329
0.3014 0.1781 0.2055 0.3151
0.3014 0.2740 0.1096 0.3151
0.2877 0.1644 0.2603 0.2877
0.2877 0.1918 0.1781 0.3425
0.2055 0.2055 0.2329 0.3562
0.3014 0.1781 0.2466 0.2740
0.3836 0.1507 0.2055 0.2603
0.2877 0.1918 0.1918 0.3288
0.3836 0.1233 0.1644 0.3288
0.3151 0.1644 0.2055 0.3151

MOTIF filter5
letter-probability matrix: alength= 4 w= 24 nsites= 228
0.3147 0.1767 0.2328 0.2759
0.3491 0.1810 0.1810 0.2888
0.3405 0.1810 0.2198 0.2586
0.2802 0.1983 0.1983 0.3233
0.3362 0.1983 0.1897 0.2759
0.3707 0.1724 0.1897 0.2672
0.3103 0.2155 0.2112 0.2629
0.3534 0.1681 0.1638 0.3147
0.2931 0.2069 0.2112 0.2888
0.3621 0.1595 0.2069 0.2716
0.3060 0.2241 0.1422 0.3276
0.3362 0.1810 0.1940 0.2888
0.3103 0.1940 0.2198 0.2759
0.3017 0.1853 0.2026 0.3103
0.3707 0.1940 0.1552 0.2802
0.3448 0.2026 0.2026 0.2500
0.3534 0.2284 0.1336 0.2845
0.2974 0.1724 0.2112 0.3190
0.3836 0.1422 0.2284 0.2457
0.3103 0.1810 0.1767 0.3319
0.2845 0.1853 0.1897 0.3405
0.3190 0.1767 0.1767 0.3276
0.3405 0.1638 0.2198 0.2759
0.3017 0.1638 0.1983 0.3362

MOTIF filter6
letter-probability matrix: alength= 4 w= 24 nsites= 244
0.0847 0.2621 0.1855 0.4677
0.3589 0.1492 0.2016 0.2903
0.2984 0.2339 0.1734 0.2944
0.3306 0.1855 0.2218 0.2621
0.3145 0.1976 0.1976 0.2903
0.2460 0.1935 0.2258 0.3347
0.3065 0.1895 0.1976 0.3065
0.3831 0.1411 0.1250 0.3508
0.3145 0.1613 0.2419 0.2823
0.2863 0.1573 0.2661 0.2903
0.3669 0.1129 0.2177 0.3024
0.3508 0.1371 0.2460 0.2661
0.2742 0.1815 0.1815 0.3629
0.3065 0.1855 0.1855 0.3226
0.3266 0.1613 0.2137 0.2984
0.3508 0.1895 0.1855 0.2742
0.3105 0.1855 0.1976 0.3065
0.3105 0.2177 0.1694 0.3024
0.3065 0.1815 0.1815 0.3306
0.2782 0.1411 0.2258 0.3548
0.2823 0.1613 0.2016 0.3548
0.2823 0.1895 0.2016 0.3266
0.3427 0.1734 0.1935 0.2903
0.3306 0.2218 0.1895 0.2581

MOTIF filter7
letter-probability matrix: alength= 4 w= 24 nsites= 224
0.1140 0.1316 0.1360 0.6184
0.2149 0.1623 0.2456 0.3772
0.2719 0.1798 0.1974 0.3509
0.2675 0.1623 0.1974 0.3728
0.2105 0.1798 0.2281 0.3816
0.2763 0.1930 0.1754 0.3553
0.2719 0.1535 0.1842 0.3904
0.2807 0.1579 0.2061 0.3553
0.3377 0.2018 0.1447 0.3158
0.3070 0.1316 0.2193 0.3421
0.2456 0.1798 0.2061 0.3684
0.2895 0.1623 0.1886 0.3596
0.2982 0.2105 0.1754 0.3158
0.2895 0.1667 0.2281 0.3158
0.2807 0.1623 0.2061 0.3509
0.2544 0.1842 0.1974 0.3640
0.2763 0.2193 0.1798 0.3246
0.3114 0.1360 0.1974 0.3553
0.3772 0.1404 0.1930 0.2895
0.3246 0.1930 0.1316 0.3509
0.2807 0.1711 0.1886 0.3596
0.2939 0.1096 0.2237 0.3728
0.2500 0.1886 0.2325 0.3289
0.2763 0.1711 0.2193 0.3333

MOTIF filter8
letter-probability matrix: alength= 4 w= 24 nsites= 102
0.1981 0.2170 0.4811 0.1038
0.2170 0.2170 0.2453 0.3208
0.2075 0.2075 0.2453 0.3396
0.2736 0.1887 0.3208 0.2170
0.2453 0.2358 0.2170 0.3019
0.2453 0.2736 0.1981 0.2830
0.2736 0.1604 0.3302 0.2358
0.2925 0.2358 0.1132 0.3585
0.2642 0.1698 0.2453 0.3208
0.1792 0.2264 0.2358 0.3585
0.2170 0.1792 0.2925 0.3113
0.3302 0.1887 0.2264 0.2547
0.2547 0.2264 0.2170 0.3019
0.2453 0.1981 0.2264 0.3302
0.3396 0.1698 0.1887 0.3019
0.2736 0.1509 0.3208 0.2547
0.2547 0.1509 0.2547 0.3396
0.2736 0.1981 0.1887 0.3396
0.3302 0.1698 0.2075 0.2925
0.1792 0.1698 0.3019 0.3491
0.3302 0.1698 0.1981 0.3019
0.3019 0.2453 0.2075 0.2453
0.2642 0.2170 0.2642 0.2547
0.3113 0.1698 0.2075 0.3113

MOTIF filter9
letter-probability matrix: alength= 4 w= 24 nsites= 203
0.0773 0.1546 0.1884 0.5797
0.3140 0.2174 0.1498 0.3188
0.3140 0.2126 0.1739 0.2995
0.2995 0.2222 0.2029 0.2754
0.2802 0.2126 0.2174 0.2899
0.3430 0.2029 0.1691 0.2850
0.2947 0.2319 0.1546 0.3188
0.2995 0.1884 0.1981 0.3140
0.2609 0.1932 0.1981 0.3478
0.3478 0.1449 0.1981 0.3092
0.2995 0.1884 0.2174 0.2947
0.2947 0.2271 0.1643 0.3140
0.2754 0.1981 0.2077 0.3188
0.3430 0.1643 0.1981 0.2947
0.2415 0.1884 0.2705 0.2995
0.3188 0.1353 0.2077 0.3382
0.2802 0.2222 0.2126 0.2850
0.2850 0.1932 0.2367 0.2850
0.2947 0.1739 0.2319 0.2995
0.3575 0.1787 0.1498 0.3140
0.2850 0.1691 0.2271 0.3188
0.3237 0.1546 0.2609 0.2609
0.3285 0.1739 0.2174 0.2802
0.2657 0.2174 0.1787 0.3382

MOTIF filter10
letter-probability matrix: alength= 4 w= 24 nsites= 118
0.4098 0.1148 0.3279 0.1475
0.2377 0.2213 0.2213 0.3197
0.1721 0.2049 0.2295 0.3934
0.3689 0.1066 0.2541 0.2705
0.2869 0.2049 0.2541 0.2541
0.2705 0.1967 0.2049 0.3279
0.3197 0.1803 0.2459 0.2541
0.2459 0.1967 0.1557 0.4016
0.2213 0.1803 0.2213 0.3770
0.2623 0.1557 0.3279 0.2541
0.2705 0.2213 0.2049 0.3033
0.2705 0.1721 0.1885 0.3689
0.3934 0.1639 0.2459 0.1967
0.3689 0.2541 0.1230 0.2541
0.2623 0.1639 0.2295 0.3443
0.2869 0.1311 0.2623 0.3197
0.2459 0.1885 0.2213 0.3443
0.2049 0.1885 0.2295 0.3770
0.3197 0.1148 0.2869 0.2787
0.2705 0.2459 0.1311 0.3525
0.3115 0.1639 0.1967 0.3279
0.3115 0.1311 0.2131 0.3443
0.3033 0.1803 0.2377 0.2787
0.2705 0.2541 0.1557 0.3197

MOTIF filter11
letter-probability matrix: alength= 4 w= 24 nsites= 177
0.4144 0.1105 0.1160 0.3591
0.3425 0.1768 0.1492 0.3315
0.2541 0.2155 0.2541 0.2762
0.2818 0.2707 0.2044 0.2431
0.2983 0.1657 0.1657 0.3702
0.2873 0.1989 0.2265 0.2873
0.2707 0.2486 0.1602 0.3204
0.3260 0.1934 0.1381 0.3425
0.3149 0.1934 0.1602 0.3315
0.2707 0.2486 0.1492 0.3315
0.2376 0.1823 0.1768 0.4033
0.3867 0.1657 0.1878 0.2597
0.3149 0.1989 0.1492 0.3370
0.3149 0.2320 0.1271 0.3260
0.2597 0.1602 0.3315 0.2486
0.3149 0.1989 0.1436 0.3425
0.3315 0.1215 0.2431 0.3039
0.3149 0.1602 0.2376 0.2873
0.2541 0.1878 0.2320 0.3260
0.3094 0.1934 0.1547 0.3425
0.3536 0.1547 0.2320 0.2597
0.2928 0.1492 0.1823 0.3757
0.2597 0.1215 0.2044 0.4144
0.2376 0.1989 0.2597 0.3039

MOTIF filter12
letter-probability matrix: alength= 4 w= 24 nsites= 284
0.1875 0.1736 0.3021 0.3368
0.3681 0.1736 0.1528 0.3056
0.3646 0.1458 0.1528 0.3368
0.3542 0.1806 0.1424 0.3229
0.2812 0.1806 0.1701 0.3681
0.3542 0.1528 0.1806 0.3125
0.3819 0.1424 0.1736 0.3021
0.3403 0.1771 0.1597 0.3229
0.3229 0.1701 0.1736 0.3333
0.3681 0.1632 0.1111 0.3576
0.2847 0.1493 0.2083 0.3576
0.3438 0.1458 0.1771 0.3333
0.3368 0.1736 0.1979 0.2917
0.3576 0.1701 0.1597 0.3125
0.3611 0.1528 0.1562 0.3299
0.3229 0.1840 0.1736 0.3194
0.3368 0.1632 0.1979 0.3021
0.3576 0.1562 0.1562 0.3299
0.3229 0.1597 0.2118 0.3056
0.3368 0.1528 0.1910 0.3194
0.3299 0.1806 0.1632 0.3264
0.3090 0.1875 0.2257 0.2778
0.3160 0.2014 0.1701 0.3125
0.3194 0.1875 0.1701 0.3229

MOTIF filter13
letter-probability matrix: alength= 4 w= 24 nsites= 181
0.4865 0.2000 0.1081 0.2054
0.4108 0.1946 0.1459 0.2486
0.3189 0.1838 0.1838 0.3135
0.3622 0.1892 0.1459 0.3027
0.3297 0.1622 0.2000 0.3081
0.2973 0.2162 0.2162 0.2703
0.3568 0.2270 0.1459 0.2703
0.3297 0.2324 0.1946 0.2432
0.3622 0.2378 0.1514 0.2486
0.3243 0.2216 0.1838 0.2703
0.3568 0.1946 0.1568 0.2919
0.3243 0.1892 0.1351 0.3514
0.3135 0.2000 0.1946 0.2919
0.2919 0.2324 0.1838 0.2919
0.2811 0.1892 0.2162 0.3135
0.3135 0.1838 0.2216 0.2811
0.2865 0.2000 0.1730 0.3405
0.3027 0.1946 0.2162 0.2865
0.3081 0.2378 0.1297 0.3243
0.2919 0.2108 0.1405 0.3568
0.3405 0.1351 0.1676 0.3568
0.3027 0.1784 0.2054 0.3135
0.3514 0.1730 0.1838 0.2919
0.3135 0.2000 0.2000 0.2865

MOTIF filter14
letter-probability matrix: alength= 4 w= 24 nsites= 56
0.0667 0.0333 0.8167 0.0833
0.3000 0.2000 0.1833 0.3167
0.2167 0.2500 0.2500 0.2833
0.3667 0.2167 0.2000 0.2167
0.3667 0.1833 0.2167 0.2333
0.2833 0.2167 0.2500 0.2500
0.3000 0.2667 0.1333 0.3000
0.2000 0.1500 0.2333 0.4167
0.2000 0.2000 0.2167 0.3833
0.3167 0.1333 0.2500 0.3000
0.3667 0.1667 0.1667 0.3000
0.2667 0.2167 0.1667 0.3500
0.3667 0.1500 0.1833 0.3000
0.3167 0.1833 0.2500 0.2500
0.2833 0.2167 0.1833 0.3167
0.3167 0.1667 0.1500 0.3667
0.3000 0.1667 0.1500 0.3833
0.3833 0.1833 0.1667 0.2667
0.2500 0.2667 0.1833 0.3000
0.4167 0.1333 0.2167 0.2333
0.3000 0.1667 0.2167 0.3167
0.2667 0.1833 0.2333 0.3167
0.3333 0.1167 0.1667 0.3833
0.2500 0.2000 0.2000 0.3500

MOTIF filter15
letter-probability matrix: alength= 4 w= 24 nsites= 83
0.1264 0.1034 0.1379 0.6322
0.2529 0.1494 0.2069 0.3908
0.1609 0.1379 0.2759 0.4253
0.3103 0.1839 0.1494 0.3563
0.3908 0.1609 0.2299 0.2184
0.3103 0.1724 0.2069 0.3103
0.2759 0.2529 0.2759 0.1954
0.3908 0.1609 0.1724 0.2759
0.2874 0.2069 0.1954 0.3103
0.2414 0.1609 0.2644 0.3333
0.2644 0.1149 0.3103 0.3103
0.2989 0.2529 0.2184 0.2299
0.3678 0.1724 0.1954 0.2644
0.2989 0.2069 0.2069 0.2874
0.3908 0.1724 0.1609 0.2759
0.3333 0.1609 0.2299 0.2759
0.3678 0.1954 0.2069 0.2299
0.2529 0.2069 0.2529 0.2874
0.3563 0.1839 0.1609 0.2989
0.2989 0.1379 0.1839 0.3793
0.3448 0.1609 0.2414 0.2529
0.3103 0.1724 0.1494 0.3678
0.2989 0.2299 0.2069 0.2644
0.3448 0.1954 0.1724 0.2874

MOTIF filter16
letter-probability matrix: alength= 4 w= 24 nsites= 298
0.0960 0.0927 0.2914 0.5199
0.2417 0.2815 0.1358 0.3411
0.2914 0.1954 0.1225 0.3907
0.3179 0.1523 0.1225 0.4073
0.3377 0.1854 0.1258 0.3510
0.2848 0.2252 0.1490 0.3411
0.3709 0.1656 0.1325 0.3311
0.2815 0.1954 0.1490 0.3742
0.2583 0.1854 0.1623 0.3940
0.3179 0.1523 0.1821 0.3477
0.3212 0.2219 0.1325 0.3245
0.3179 0.1954 0.1225 0.3642
0.3609 0.1490 0.1457 0.3444
0.3344 0.1887 0.1821 0.2947
0.3377 0.1788 0.1821 0.3013
0.3510 0.1788 0.1556 0.3146
0.3278 0.1854 0.1887 0.2980
0.3278 0.1921 0.1490 0.3311
0.3278 0.2152 0.1556 0.3013
0.3113 0.2185 0.1589 0.3113
0.3013 0.1921 0.1325 0.3742
0.3543 0.1424 0.1755 0.3278
0.2881 0.2086 0.1656 0.3377
0.3146 0.2417 0.1225 0.3212

MOTIF filter17
letter-probability matrix: alength= 4 w= 24 nsites= 155
0.3711 0.0314 0.0629 0.5346
0.3333 0.2264 0.1887 0.2516
0.3333 0.2013 0.1572 0.3082
0.3145 0.1698 0.1824 0.3333
0.3082 0.1447 0.2642 0.2830
0.2767 0.1761 0.2327 0.3145
0.3145 0.1698 0.1824 0.3333
0.3208 0.1698 0.2327 0.2767
0.3208 0.2327 0.1258 0.3208
0.3208 0.1635 0.1447 0.3711
0.2516 0.2013 0.1950 0.3522
0.2704 0.1761 0.2013 0.3522
0.3333 0.1761 0.2075 0.2830
0.3396 0.1384 0.2579 0.2642
0.2893 0.1824 0.2264 0.3019
0.3585 0.2138 0.2264 0.2013
0.3585 0.1698 0.2075 0.2642
0.3019 0.2075 0.2013 0.2893
0.3962 0.1258 0.2201 0.2579
0.2956 0.1635 0.2390 0.3019
0.3962 0.1698 0.2138 0.2201
0.3396 0.2201 0.1572 0.2830
0.3145 0.1447 0.1887 0.3522
0.2642 0.2579 0.1698 0.3082

MOTIF filter18
letter-probability matrix: alength= 4 w= 24 nsites= 168
0.1919 0.3198 0.4651 0.0233
0.3605 0.1744 0.2093 0.2558
0.4070 0.1395 0.1570 0.2965
0.3663 0.1453 0.1919 0.2965
0.3837 0.1628 0.2500 0.2035
0.3663 0.2093 0.1744 0.2500
0.3605 0.1570 0.1802 0.3023
0.3488 0.1453 0.2384 0.2674
0.3721 0.1744 0.1453 0.3081
0.2791 0.1977 0.2035 0.3198
0.3779 0.1163 0.1860 0.3198
0.3837 0.2035 0.1337 0.2791
0.3314 0.1628 0.2267 0.2791
0.3779 0.1977 0.1686 0.2558
0.4012 0.1686 0.1802 0.2500
0.3779 0.1686 0.2093 0.2442
0.3198 0.1744 0.2151 0.2907
0.3256 0.2151 0.1570 0.3023
0.3488 0.1395 0.2093 0.3023
0.3198 0.1919 0.1977 0.2907
0.2907 0.1570 0.2442 0.3081
0.3256 0.1802 0.1686 0.3256
0.3721 0.1744 0.1860 0.2674
0.3488 0.1453 0.2209 0.2849

MOTIF filter19
letter-probability matrix: alength= 4 w= 24 nsites= 85
0.3933 0.1461 0.2697 0.1910
0.2697 0.2247 0.2360 0.2697
0.1798 0.3034 0.2360 0.2809
0.3146 0.1011 0.3146 0.2697
0.2584 0.2360 0.2022 0.3034
0.3034 0.1685 0.2022 0.3258
0.3034 0.1798 0.2921 0.2247
0.3034 0.2584 0.2022 0.2360
0.2921 0.1798 0.2135 0.3146
0.3820 0.1124 0.2022 0.3034
0.3034 0.3371 0.1910 0.1685
0.2472 0.2022 0.2921 0.2584
0.2921 0.1461 0.2360 0.3258
0.2697 0.2809 0.1685 0.2809
0.2697 0.2472 0.2472 0.2360
0.3371 0.2135 0.2247 0.2247
0.3146 0.2472 0.1461 0.2921
0.2472 0.1910 0.2247 0.3371
0.2584 0.1236 0.3034 0.3146
0.2921 0.2584 0.1685 0.2809
0.2697 0.2022 0.1685 0.3596
0.2584 0.2247 0.2360 0.2809
0.2697 0.2247 0.2584 0.2472
0.3034 0.2135 0.1910 0.2921

MOTIF filter20
letter-probability matrix: alength= 4 w= 24 nsites= 198
0.0495 0.2129 0.2030 0.5347
0.2921 0.2178 0.1535 0.3366
0.2178 0.1832 0.2277 0.3713
0.2970 0.1782 0.2277 0.2970
0.3218 0.2030 0.2079 0.2673
0.2921 0.1931 0.1980 0.3168
0.3069 0.1980 0.1881 0.3069
0.2772 0.1733 0.2129 0.3366
0.3069 0.2228 0.2277 0.2426
0.3168 0.1584 0.1980 0.3267
0.3218 0.1832 0.1733 0.3218
0.3218 0.1386 0.2228 0.3168
0.2921 0.1980 0.2030 0.3069
0.2772 0.1980 0.2327 0.2921
0.3317 0.1386 0.1931 0.3366
0.2822 0.1881 0.1832 0.3465
0.3267 0.2277 0.1733 0.2723
0.3812 0.1931 0.1832 0.2426
0.2822 0.1238 0.2871 0.3069
0.3218 0.1733 0.2376 0.2673
0.3861 0.2277 0.1535 0.2327
0.3218 0.1584 0.2030 0.3168
0.2525 0.1931 0.1980 0.3564
0.3564 0.2228 0.1584 0.2624

MOTIF filter21
letter-probability matrix: alength= 4 w= 24 nsites= 249
0.1700 0.2332 0.1344 0.4625
0.2253 0.2134 0.0949 0.4664
0.3794 0.1146 0.2174 0.2885
0.2055 0.2332 0.2846 0.2767
0.2213 0.1660 0.1581 0.4545
0.3162 0.1660 0.2134 0.3043
0.2688 0.2332 0.1739 0.3241
0.2885 0.1897 0.1304 0.3913
0.3636 0.1700 0.2055 0.2609
0.2688 0.1581 0.2569 0.3162
0.2332 0.2134 0.1779 0.3755
0.3439 0.1858 0.2648 0.2055
0.3004 0.2055 0.1897 0.3043
0.2530 0.1976 0.1542 0.3953
0.3676 0.1462 0.2134 0.2727
0.2767 0.2134 0.2253 0.2846
0.2806 0.1858 0.1423 0.3913
0.4032 0.1265 0.2253 0.2451
0.2569 0.2292 0.2569 0.2569
0.2451 0.2095 0.1502 0.3953
0.3281 0.1581 0.2372 0.2767
0.2846 0.2213 0.2055 0.2885
0.3083 0.1779 0.1660 0.3478
0.3360 0.1621 0.2648 0.2372

MOTIF filter22
letter-probability matrix: alength= 4 w= 24 nsites= 185
0.2434 0.2593 0.0741 0.4233
0.2751 0.2116 0.2169 0.2963
0.2646 0.2540 0.2275 0.2540
0.2487 0.2381 0.2381 0.2751
0.3069 0.1958 0.2169 0.2804
0.2910 0.1640 0.1958 0.3492
0.3280 0.1640 0.1746 0.3333
0.2910 0.2222 0.2063 0.2804
0.3704 0.1799 0.1429 0.3069
0.3069 0.2011 0.2169 0.2751
0.3598 0.1640 0.1958 0.2804
0.2593 0.1905 0.1799 0.3704
0.2804 0.1640 0.2328 0.3228
0.3122 0.1640 0.2593 0.2646
0.2910 0.1587 0.2116 0.3386
0.3651 0.1429 0.2328 0.2593
0.3280 0.1905 0.2222 0.2593
0.3175 0.2169 0.2169 0.2487
0.2857 0.1534 0.2275 0.3333
0.2275 0.2698 0.1958 0.3069
0.3175 0.1693 0.2222 0.2910
0.2275 0.1958 0.1905 0.3862
0.2857 0.1746 0.2275 0.3122
0.2487 0.1958 0.2593 0.2963

MOTIF filter23
letter-probability matrix: alength= 4 w= 24 nsites= 173
0.0791 0.1243 0.4350 0.3616
0.2090 0.2260 0.1243 0.4407
0.3729 0.1582 0.1977 0.2712
0.2316 0.1921 0.2429 0.3333
0.3277 0.2090 0.1243 0.3390
0.2938 0.1808 0.2316 0.2938
0.2090 0.1977 0.2938 0.2994
0.2147 0.2034 0.1469 0.4350
0.3559 0.1525 0.2429 0.2486
0.2938 0.1412 0.3390 0.2260
0.1638 0.1808 0.2260 0.4294
0.3503 0.1017 0.3220 0.2260
0.2429 0.1695 0.2881 0.2994
0.2147 0.3051 0.1582 0.3220
0.3955 0.1412 0.1977 0.2655
0.2994 0.1977 0.2090 0.2938
0.2712 0.1977 0.1299 0.4011
0.3955 0.1469 0.2938 0.1638
0.2655 0.1469 0.3220 0.2655
0.2994 0.1525 0.1469 0.4011
0.2542 0.1695 0.3107 0.2655
0.2034 0.2260 0.2486 0.3220
0.2316 0.1356 0.1412 0.4915
0.3107 0.1412 0.2486 0.2994

MOTIF filter24
letter-probability matrix: alength= 4 w= 24 nsites= 172
0.3295 0.0739 0.0739 0.5227
0.2727 0.1534 0.2784 0.2955
0.2727 0.2898 0.1818 0.2557
0.3409 0.1477 0.2273 0.2841
0.2443 0.2159 0.2784 0.2614
0.2102 0.2727 0.1477 0.3693
0.2330 0.2216 0.2898 0.2557
0.2670 0.2102 0.2557 0.2670
0.2386 0.2216 0.1477 0.3920
0.3352 0.1818 0.2102 0.2727
0.2955 0.1534 0.2784 0.2727
0.2784 0.1818 0.1932 0.3466
0.2784 0.2273 0.2330 0.2614
0.2386 0.1591 0.3466 0.2557
0.1818 0.3352 0.1705 0.3125
0.3182 0.2330 0.1875 0.2614
0.2841 0.1477 0.2955 0.2727
0.3295 0.1761 0.1648 0.3295
0.3523 0.1420 0.2330 0.2727
0.2670 0.1705 0.3409 0.2216
0.2841 0.2386 0.1875 0.2898
0.2330 0.1989 0.2784 0.2898
0.2443 0.1705 0.2898 0.2955
0.2557 0.2443 0.1932 0.3068

MOTIF filter25
letter-probability matrix: alength= 4 w= 24 nsites= 156
0.3312 0.2000 0.0625 0.4062
0.3375 0.1625 0.1688 0.3312
0.2875 0.2125 0.1875 0.3125
0.3625 0.1812 0.1812 0.2750
0.2687 0.1750 0.2000 0.3563
0.3125 0.1750 0.2000 0.3125
0.3750 0.1375 0.1437 0.3438
0.3500 0.1125 0.2125 0.3250
0.2500 0.2000 0.2250 0.3250
0.3688 0.1688 0.1812 0.2812
0.3500 0.2000 0.1625 0.2875
0.3063 0.1812 0.1500 0.3625
0.3375 0.1625 0.1562 0.3438
0.3250 0.1750 0.1625 0.3375
0.3563 0.2062 0.1688 0.2687
0.3250 0.1875 0.1375 0.3500
0.2687 0.2062 0.2375 0.2875
0.3125 0.2000 0.1875 0.3000
0.3937 0.1375 0.2062 0.2625
0.3688 0.1500 0.2125 0.2687
0.4062 0.1313 0.1562 0.3063
0.3438 0.1500 0.2125 0.2938
0.2938 0.1500 0.2062 0.3500
0.3312 0.1500 0.2125 0.3063

MOTIF filter26
letter-probability matrix: alength= 4 w= 24 nsites= 165
0.5266 0.3846 0.0533 0.0355
0.2781 0.2426 0.1893 0.2899
0.3136 0.1953 0.1716 0.3195
0.3728 0.1479 0.2071 0.2722
0.2781 0.2426 0.1893 0.2899
0.3018 0.1775 0.1953 0.3254
0.2899 0.2426 0.1953 0.2722
0.3136 0.1893 0.2130 0.2840
0.2899 0.2189 0.1893 0.3018
0.3077 0.2012 0.2367 0.2544
0.3314 0.2071 0.1834 0.2781
0.3018 0.1893 0.2308 0.2781
0.3491 0.2308 0.1716 0.2485
0.3669 0.1716 0.1598 0.3018
0.2781 0.2130 0.1834 0.3254
0.2959 0.1775 0.2308 0.2959
0.2663 0.2485 0.1953 0.2899
0.3136 0.1716 0.2426 0.2722
0.2722 0.2249 0.2012 0.3018
0.2722 0.2249 0.1834 0.3195
0.2367 0.2367 0.2130 0.3136
0.3254 0.1598 0.1657 0.3491
0.3609 0.1657 0.2012 0.2722
0.3432 0.1598 0.2308 0.2663

MOTIF filter27
letter-probability matrix: alength= 4 w= 24 nsites= 53
0.5965 0.1930 0.1579 0.0526
0.3158 0.1930 0.2456 0.2456
0.3860 0.1228 0.1754 0.3158
0.4035 0.1228 0.2456 0.2281
0.2807 0.1754 0.2632 0.2807
0.2982 0.1930 0.2632 0.2456
0.3158 0.1579 0.1930 0.3333
0.2632 0.1930 0.2281 0.3158
0.2456 0.2281 0.2632 0.2632
0.3158 0.1579 0.2456 0.2807
0.2456 0.1579 0.2281 0.3684
0.3158 0.1053 0.2982 0.2807
0.3509 0.1579 0.1053 0.3860
0.1930 0.2632 0.1404 0.4035
0.3333 0.1228 0.0877 0.4561
0.2807 0.1228 0.2105 0.3860
0.2456 0.1930 0.2105 0.3509
0.3158 0.2456 0.1754 0.2632
0.4561 0.1404 0.1579 0.2456
0.3333 0.1228 0.2281 0.3158
0.3684 0.1930 0.1404 0.2982
0.2632 0.2281 0.1579 0.3509
0.3509 0.1228 0.2281 0.2982
0.3158 0.2105 0.2105 0.2632

MOTIF filter28
letter-probability matrix: alength= 4 w= 24 nsites= 114
0.2288 0.2458 0.4492 0.0763
0.3475 0.1864 0.1864 0.2797
0.4237 0.1186 0.1864 0.2712
0.3559 0.2373 0.1864 0.2203
0.3644 0.1610 0.1780 0.2966
0.3305 0.2034 0.2373 0.2288
0.3390 0.2288 0.1949 0.2373
0.3305 0.1695 0.1949 0.3051
0.2627 0.1780 0.2966 0.2627
0.3729 0.1949 0.2288 0.2034
0.3220 0.1864 0.2458 0.2458
0.2881 0.2288 0.1949 0.2881
0.3305 0.2034 0.2034 0.2627
0.2627 0.2288 0.2119 0.2966
0.3051 0.1780 0.1525 0.3644
0.2966 0.1864 0.1610 0.3559
0.3051 0.1949 0.2288 0.2712
0.2881 0.2203 0.2034 0.2881
0.3559 0.1949 0.1525 0.2966
0.2203 0.1610 0.2034 0.4153
0.2712 0.2203 0.2373 0.2712
0.3559 0.1525 0.1949 0.2966
0.3051 0.2203 0.1441 0.3305
0.3475 0.2203 0.1271 0.3051

MOTIF filter29
letter-probability matrix: alength= 4 w= 24 nsites= 113
0.4188 0.2393 0.0342 0.3077
0.3077 0.1538 0.1966 0.3419
0.2564 0.2051 0.1709 0.3675
0.3248 0.1538 0.2393 0.2821
0.3248 0.1453 0.2308 0.2991
0.3504 0.1026 0.1624 0.3846
0.4274 0.1368 0.2393 0.1966
0.3162 0.2051 0.1624 0.3162
0.3504 0.1282 0.1624 0.3590
0.3846 0.1282 0.1368 0.3504
0.3162 0.1795 0.2051 0.2991
0.3590 0.1624 0.1624 0.3162
0.3162 0.1453 0.2222 0.3162
0.3675 0.2137 0.1282 0.2906
0.3333 0.1709 0.1709 0.3248
0.3248 0.1624 0.1795 0.3333
0.3590 0.1709 0.1880 0.2821
0.3761 0.1453 0.1624 0.3162
0.3248 0.1624 0.1709 0.3419
0.4103 0.1538 0.1111 0.3248
0.3590 0.1624 0.2051 0.2735
0.3419 0.1795 0.1111 0.3675
0.3248 0.2137 0.1282 0.3333
0.3162 0.1368 0.2479 0.2991

MOTIF filter30
letter-probability matrix: alength= 4 w= 24 nsites= 304
0.3084 0.0877 0.4091 0.1948
0.3994 0.1818 0.1591 0.2597
0.4058 0.1656 0.1558 0.2727
0.3994 0.1136 0.1786 0.3084
0.3084 0.1851 0.1623 0.3442
0.4026 0.1656 0.1688 0.2630
0.3929 0.1364 0.2175 0.2532
0.3669 0.2045 0.1721 0.2565
0.3734 0.2045 0.2078 0.2143
0.3506 0.1461 0.2240 0.2792
0.3734 0.1883 0.1656 0.2727
0.4026 0.1688 0.2143 0.2143
0.3636 0.1526 0.2435 0.2403
0.3604 0.1948 0.1948 0.2500
0.3864 0.1656 0.1818 0.2662
0.3896 0.1461 0.2208 0.2435
0.3604 0.1526 0.1883 0.2987
0.3766 0.1721 0.2175 0.2338
0.3766 0.1656 0.2143 0.2435
0.3994 0.1656 0.1591 0.2760
0.3149 0.1786 0.1851 0.3214
0.3182 0.1753 0.2370 0.2695
0.3636 0.1916 0.1916 0.2532
0.3604 0.1494 0.1981 0.2922

MOTIF filter31
letter-probability matrix: alength= 4 w= 24 nsites= 163
0.6168 0.0838 0.0479 0.2515
0.4132 0.1317 0.2156 0.2395
0.4012 0.2096 0.1677 0.2216
0.4072 0.1677 0.2036 0.2216
0.3952 0.2156 0.1916 0.1976
0.4611 0.1677 0.1617 0.2096
0.3473 0.1976 0.2395 0.2156
0.3413 0.2036 0.2096 0.2455
0.3413 0.1557 0.2395 0.2635
0.4192 0.1497 0.1377 0.2934
0.3353 0.2216 0.1557 0.2874
0.3533 0.1916 0.2036 0.2515
0.3114 0.1856 0.2216 0.2814
0.4012 0.1497 0.2575 0.1916
0.3413 0.1677 0.2335 0.2575
0.3473 0.2395 0.1856 0.2275
0.3473 0.1976 0.2156 0.2395
0.3653 0.2335 0.1617 0.2395
0.3293 0.1856 0.2455 0.2395
0.2874 0.1976 0.2754 0.2395
0.3832 0.2096 0.1557 0.2515
0.3653 0.1617 0.2036 0.2695
0.3293 0.1976 0.2335 0.2395
0.3293 0.2036 0.1976 0.2695

MOTIF filter32
letter-probability matrix: alength= 4 w= 24 nsites= 101
0.0286 0.6381 0.1238 0.2095
0.3905 0.1333 0.2095 0.2667
0.3048 0.2476 0.2095 0.2381
0.2000 0.1905 0.2095 0.4000
0.3333 0.1333 0.2762 0.2571
0.3048 0.1429 0.2381 0.3143
0.2190 0.2095 0.1810 0.3905
0.3143 0.1429 0.2667 0.2762
0.2667 0.2000 0.2667 0.2667
0.2857 0.2190 0.1238 0.3714
0.3714 0.0952 0.2095 0.3238
0.2381 0.2286 0.2667 0.2667
0.2476 0.2381 0.2000 0.3143
0.3429 0.2381 0.1524 0.2667
0.2286 0.2762 0.2381 0.2571
0.2667 0.3048 0.1048 0.3238
0.2952 0.1714 0.2381 0.2952
0.2000 0.2571 0.2381 0.3048
0.2667 0.2667 0.1429 0.3238
0.3619 0.1619 0.1905 0.2857
0.2762 0.2000 0.2667 0.2571
0.2190 0.2476 0.2381 0.2952
0.2476 0.2000 0.2190 0.3333
0.2952 0.2381 0.2000 0.2667

MOTIF filter33
letter-probability matrix: alength= 4 w= 24 nsites= 129
0.0602 0.0602 0.3684 0.5113
0.2256 0.2556 0.1805 0.3383
0.2857 0.1880 0.2180 0.3083
0.2632 0.2256 0.1504 0.3609
0.3008 0.1053 0.2180 0.3759
0.2406 0.1955 0.2556 0.3083
0.2481 0.2632 0.1729 0.3158
0.2632 0.2406 0.2256 0.2707
0.3308 0.1654 0.2030 0.3008
0.3008 0.2030 0.1353 0.3609
0.2331 0.2406 0.1579 0.3684
0.2782 0.2030 0.1729 0.3459
0.1805 0.1805 0.2857 0.3534
0.2932 0.2030 0.2030 0.3008
0.2707 0.1429 0.2105 0.3759
0.1955 0.2481 0.2256 0.3308
0.2707 0.2180 0.1654 0.3459
0.3459 0.1579 0.1880 0.3083
0.3083 0.2105 0.1880 0.2932
0.2932 0.1805 0.2180 0.3083
0.2256 0.2030 0.2180 0.3534
0.3158 0.1654 0.2406 0.2782
0.2707 0.2030 0.2105 0.3158
0.3083 0.1955 0.2105 0.2857

MOTIF filter34
letter-probability matrix: alength= 4 w= 24 nsites= 111
0.0609 0.7130 0.0435 0.1826
0.3130 0.1304 0.2261 0.3304
0.3391 0.1478 0.2174 0.2957
0.2261 0.2000 0.2261 0.3478
0.3304 0.2087 0.1304 0.3304
0.3652 0.2174 0.1913 0.2261
0.3478 0.2957 0.1304 0.2261
0.3652 0.1913 0.2087 0.2348
0.3130 0.1913 0.2348 0.2609
0.2522 0.2348 0.1913 0.3217
0.2348 0.1826 0.2522 0.3304
0.2696 0.2087 0.2609 0.2609
0.2957 0.2870 0.1913 0.2261
0.2870 0.1652 0.2174 0.3304
0.2609 0.2696 0.2522 0.2174
0.2696 0.2174 0.2174 0.2957
0.2783 0.2261 0.1739 0.3217
0.3217 0.1217 0.2174 0.3391
0.3043 0.2696 0.1217 0.3043
0.2783 0.1913 0.1826 0.3478
0.2870 0.1652 0.2435 0.3043
0.3391 0.1826 0.2000 0.2783
0.3130 0.1739 0.1652 0.3478
0.3826 0.1478 0.1826 0.2870

MOTIF filter35
letter-probability matrix: alength= 4 w= 24 nsites= 139
0.1748 0.3217 0.0420 0.4615
0.3636 0.1259 0.2587 0.2517
0.2378 0.3007 0.2308 0.2308
0.1958 0.2378 0.1189 0.4476
0.2098 0.2028 0.3566 0.2308
0.2657 0.1958 0.3287 0.2098
0.3007 0.2168 0.0769 0.4056
0.3357 0.1538 0.2937 0.2168
0.2727 0.1608 0.3217 0.2448
0.3077 0.2168 0.1329 0.3427
0.2448 0.1538 0.3287 0.2727
0.2517 0.1399 0.2657 0.3427
0.2168 0.2308 0.1469 0.4056
0.3846 0.1469 0.2308 0.2378
0.3217 0.1818 0.3007 0.1958
0.2517 0.2098 0.1259 0.4126
0.3147 0.1678 0.2517 0.2657
0.2378 0.2378 0.2378 0.2867
0.1678 0.2937 0.1469 0.3916
0.3497 0.1888 0.2168 0.2448
0.1958 0.2098 0.2867 0.3077
0.2098 0.2657 0.1329 0.3916
0.3566 0.1399 0.2517 0.2517
0.3077 0.1469 0.3007 0.2448

MOTIF filter36
letter-probability matrix: alength= 4 w= 24 nsites= 222
0.4027 0.1195 0.0708 0.4071
0.3186 0.1991 0.1991 0.2832
0.3496 0.2035 0.1416 0.3053
0.3186 0.1637 0.1283 0.3894
0.3540 0.1106 0.1504 0.3850
0.3053 0.1903 0.1903 0.3142
0.3805 0.1018 0.1681 0.3496
0.3097 0.1991 0.1681 0.3230
0.3230 0.2124 0.1593 0.3053
0.3673 0.1549 0.1681 0.3097
0.3097 0.1327 0.1903 0.3673
0.3319 0.1549 0.1681 0.3451
0.3982 0.1549 0.1460 0.3009
0.3319 0.1549 0.1593 0.3540
0.3540 0.1549 0.1504 0.3407
0.3363 0.1593 0.1549 0.3496
0.3717 0.1372 0.2035 0.2876
0.3230 0.1858 0.1593 0.3319
0.3319 0.1681 0.1947 0.3053
0.3274 0.2168 0.1593 0.2965
0.3407 0.1637 0.2080 0.2876
0.3496 0.1593 0.2345 0.2566
0.3761 0.2035 0.1283 0.2920
0.3363 0.1947 0.1549 0.3142

MOTIF filter37
letter-probability matrix: alength= 4 w= 24 nsites= 135
0.2086 0.2878 0.4460 0.0576
0.2302 0.1871 0.2518 0.3309
0.2806 0.2014 0.2158 0.3022
0.2662 0.2878 0.1655 0.2806
0.4317 0.1511 0.1511 0.2662
0.2806 0.2014 0.2014 0.3165
0.3237 0.1799 0.2374 0.2590
0.2806 0.2590 0.1367 0.3237
0.2446 0.2374 0.1942 0.3237
0.2662 0.2086 0.2518 0.2734
0.3669 0.1655 0.1942 0.2734
0.3094 0.1727 0.2374 0.2806
0.2518 0.1799 0.2230 0.3453
0.2590 0.1655 0.2086 0.3669
0.3525 0.2158 0.1583 0.2734
0.2518 0.2302 0.2230 0.2950
0.2806 0.1942 0.1799 0.3453
0.3022 0.1799 0.1727 0.3453
0.3022 0.2662 0.1511 0.2806
0.2662 0.2302 0.1727 0.3309
0.3237 0.2086 0.1871 0.2806
0.2518 0.1439 0.2518 0.3525
0.2734 0.2086 0.1942 0.3237
0.2878 0.2086 0.1727 0.3309

MOTIF filter38
letter-probability matrix: alength= 4 w= 24 nsites= 320
0.1327 0.0679 0.5093 0.2901
0.3272 0.2099 0.2130 0.2500
0.3426 0.1512 0.2130 0.2932
0.3210 0.1821 0.1821 0.3148
0.3025 0.2160 0.1883 0.2932
0.3025 0.1759 0.1944 0.3272
0.2840 0.1790 0.2222 0.3148
0.3056 0.2006 0.2160 0.2778
0.3117 0.2037 0.1975 0.2870
0.3426 0.1451 0.1667 0.3457
0.3272 0.2407 0.1821 0.2500
0.3179 0.1852 0.1636 0.3333
0.3302 0.1852 0.1389 0.3457
0.3086 0.1975 0.1975 0.2963
0.3457 0.1914 0.1389 0.3241
0.3457 0.1636 0.1852 0.3056
0.3056 0.1975 0.1914 0.3056
0.3179 0.2068 0.1512 0.3241
0.3549 0.1790 0.1821 0.2840
0.3333 0.1759 0.1574 0.3333
0.2716 0.1759 0.1975 0.3549
0.3086 0.1852 0.2068 0.2994
0.3457 0.2222 0.1821 0.2500
0.3025 0.1451 0.2006 0.3519

MOTIF filter39
letter-probability matrix: alength= 4 w= 24 nsites= 361
0.5808 0.0795 0.1753 0.1644
0.3836 0.1534 0.1918 0.2712
0.2849 0.1836 0.2000 0.3315
0.2822 0.1589 0.1863 0.3726
0.2849 0.2082 0.1863 0.3205
0.2932 0.2137 0.2247 0.2685
0.2904 0.2219 0.1726 0.3151
0.3178 0.1507 0.2082 0.3233
0.3096 0.1808 0.2110 0.2986
0.2685 0.2192 0.1890 0.3233
0.3260 0.1781 0.1945 0.3014
0.3151 0.1890 0.2055 0.2904
0.2877 0.1644 0.2137 0.3342
0.3123 0.1863 0.2027 0.2986
0.3342 0.1315 0.2712 0.2630
0.2630 0.1808 0.2000 0.3562
0.3315 0.1918 0.1808 0.2959
0.3068 0.1890 0.1781 0.3260
0.2822 0.1890 0.1808 0.3479
0.3014 0.1836 0.2301 0.2849
0.3589 0.1589 0.1808 0.3014
0.3151 0.1836 0.1589 0.3425
0.2630 0.1808 0.2658 0.2904
0.3260 0.2082 0.2000 0.2658

MOTIF filter40
letter-probability matrix: alength= 4 w= 24 nsites= 160
0.1768 0.4512 0.0915 0.2805
0.2500 0.2439 0.1646 0.3415
0.3354 0.1159 0.3049 0.2439
0.1768 0.2866 0.2073 0.3293
0.2927 0.2195 0.1585 0.3293
0.2988 0.1220 0.2683 0.3110
0.2378 0.2683 0.1890 0.3049
0.2561 0.2073 0.1585 0.3780
0.3476 0.1829 0.2378 0.2317
0.2805 0.2317 0.2439 0.2439
0.2622 0.2622 0.1585 0.3171
0.3049 0.1646 0.2805 0.2500
0.2256 0.3049 0.2195 0.2500
0.2683 0.2378 0.2073 0.2866
0.3110 0.1402 0.2622 0.2866
0.3049 0.2500 0.2134 0.2317
0.3110 0.1585 0.2256 0.3049
0.3232 0.1707 0.2439 0.2622
0.2439 0.2317 0.2256 0.2988
0.2561 0.2500 0.2012 0.2927
0.2866 0.1585 0.2988 0.2561
0.3293 0.2195 0.1829 0.2683
0.3171 0.1829 0.1524 0.3476
0.3415 0.1646 0.2561 0.2378

MOTIF filter41
letter-probability matrix: alength= 4 w= 24 nsites= 186
0.1737 0.0789 0.0947 0.6526
0.2947 0.2263 0.1421 0.3368
0.3526 0.2053 0.1684 0.2737
0.3368 0.1842 0.1895 0.2895
0.3000 0.1842 0.1737 0.3421
0.3316 0.1474 0.2158 0.3053
0.3842 0.1368 0.1684 0.3105
0.2526 0.1474 0.2000 0.4000
0.3105 0.1684 0.1684 0.3526
0.3316 0.1632 0.1895 0.3158
0.3316 0.1895 0.1579 0.3211
0.3789 0.2053 0.1316 0.2842
0.3526 0.1684 0.1684 0.3105
0.3526 0.1263 0.1526 0.3684
0.3579 0.1684 0.2105 0.2632
0.3684 0.1789 0.2105 0.2421
0.2684 0.1684 0.1684 0.3947
0.3053 0.1789 0.1789 0.3368
0.3316 0.1632 0.2105 0.2947
0.3474 0.2263 0.1579 0.2684
0.3737 0.1842 0.1632 0.2789
0.4105 0.1526 0.1368 0.3000
0.3316 0.1684 0.1158 0.3842
0.3211 0.1579 0.2105 0.3105

MOTIF filter42
letter-probability matrix: alength= 4 w= 24 nsites= 220
0.6607 0.0312 0.2232 0.0848
0.3036 0.1696 0.2098 0.3170
0.3527 0.1964 0.1741 0.2768
0.3080 0.2143 0.1964 0.2812
0.3214 0.1920 0.1696 0.3170
0.3304 0.1786 0.1652 0.3259
0.2589 0.2143 0.1741 0.3527
0.2634 0.2232 0.2455 0.2679
0.3259 0.2054 0.1652 0.3036
0.3259 0.2188 0.1384 0.3170
0.3036 0.2232 0.2321 0.2411
0.3170 0.2009 0.1830 0.2991
0.3616 0.1875 0.1652 0.2857
0.3393 0.1920 0.1696 0.2991
0.2768 0.2232 0.2009 0.2991
0.3348 0.1875 0.1920 0.2857
0.3482 0.1964 0.2098 0.2455
0.3214 0.2232 0.2277 0.2277
0.3214 0.1741 0.2098 0.2946
0.2946 0.1920 0.1696 0.3438
0.2946 0.1786 0.2143 0.3125
0.3348 0.2054 0.1696 0.2902
0.2812 0.2188 0.1384 0.3616
0.2679 0.1920 0.2500 0.2902

MOTIF filter43
letter-probability matrix: alength= 4 w= 24 nsites= 246
0.3640 0.3360 0.1760 0.1240
0.2920 0.2240 0.2440 0.2400
0.2440 0.2080 0.2320 0.3160
0.2760 0.1960 0.2320 0.2960
0.2880 0.1800 0.2120 0.3200
0.2800 0.2600 0.1640 0.2960
0.2840 0.2240 0.2120 0.2800
0.2760 0.1920 0.2280 0.3040
0.2760 0.2400 0.1680 0.3160
0.3200 0.2160 0.1720 0.2920
0.3320 0.1880 0.1800 0.3000
0.2440 0.2240 0.1920 0.3400
0.3280 0.2160 0.1680 0.2880
0.2880 0.1960 0.1560 0.3600
0.2600 0.2160 0.2040 0.3200
0.2760 0.1800 0.2160 0.3280
0.2240 0.2440 0.2080 0.3240
0.2200 0.2200 0.2080 0.3520
0.2880 0.2240 0.1800 0.3080
0.3400 0.2400 0.1480 0.2720
0.2720 0.1960 0.2200 0.3120
0.3120 0.2240 0.1880 0.2760
0.3600 0.2120 0.1480 0.2800
0.2760 0.2120 0.1360 0.3760

MOTIF filter44
letter-probability matrix: alength= 4 w= 24 nsites= 152
0.1282 0.0962 0.2500 0.5256
0.3269 0.1731 0.1923 0.3077
0.3077 0.1346 0.1923 0.3654
0.3269 0.1795 0.1859 0.3077
0.3269 0.1987 0.1474 0.3269
0.3077 0.1474 0.2500 0.2949
0.2756 0.2628 0.1795 0.2821
0.3333 0.1795 0.1795 0.3077
0.3974 0.1410 0.2179 0.2436
0.3141 0.1795 0.1923 0.3141
0.3782 0.1282 0.2051 0.2885
0.3397 0.1923 0.1667 0.3013
0.2885 0.1923 0.1795 0.3397
0.3205 0.1603 0.1795 0.3397
0.3077 0.1795 0.2436 0.2692
0.3077 0.1603 0.2372 0.2949
0.2564 0.2244 0.1474 0.3718
0.3141 0.2115 0.1731 0.3013
0.2949 0.1731 0.2051 0.3269
0.2885 0.1731 0.2308 0.3077
0.3654 0.1731 0.2051 0.2564
0.3654 0.1603 0.1987 0.2756
0.3141 0.1474 0.2308 0.3077
0.4231 0.1410 0.1474 0.2885

MOTIF filter45
letter-probability matrix: alength= 4 w= 24 nsites= 210
0.3785 0.2430 0.1402 0.2383
0.2757 0.1682 0.2243 0.3318
0.3551 0.2150 0.1682 0.2617
0.3224 0.2009 0.1822 0.2944
0.2710 0.2430 0.1589 0.3271
0.2804 0.2570 0.1682 0.2944
0.3131 0.2290 0.1636 0.2944
0.2944 0.1869 0.2243 0.2944
0.3271 0.1262 0.2009 0.3458
0.3271 0.1682 0.1636 0.3411
0.2804 0.1682 0.1542 0.3972
0.3411 0.2056 0.2150 0.2383
0.2850 0.2804 0.1589 0.2757
0.3178 0.2383 0.1542 0.2897
0.3271 0.1636 0.2243 0.2850
0.3318 0.2336 0.1916 0.2430
0.3411 0.2150 0.1636 0.2804
0.3084 0.2150 0.1916 0.2850
0.2850 0.2009 0.2243 0.2897
0.3084 0.1776 0.2523 0.2617
0.2944 0.2009 0.1963 0.3084
0.3551 0.1963 0.1776 0.2710
0.3131 0.2430 0.2336 0.2103
0.3131 0.2383 0.2103 0.2383

MOTIF filter46
letter-probability matrix: alength= 4 w= 24 nsites= 164
0.3393 0.2798 0.0595 0.3214
0.3155 0.2083 0.1964 0.2798
0.2560 0.2202 0.2143 0.3095
0.3155 0.2440 0.1607 0.2798
0.3036 0.1607 0.2440 0.2917
0.3333 0.1726 0.2381 0.2560
0.3095 0.2262 0.1607 0.3036
0.2560 0.1548 0.2798 0.3095
0.2917 0.2321 0.1607 0.3155
0.2976 0.2024 0.1786 0.3214
0.3393 0.1607 0.2619 0.2381
0.3214 0.1310 0.2143 0.3333
0.3214 0.1607 0.1786 0.3393
0.3274 0.2083 0.2143 0.2500
0.2798 0.1250 0.2024 0.3929
0.3095 0.2679 0.1250 0.2976
0.2440 0.1786 0.2917 0.2857
0.2798 0.1786 0.2560 0.2857
0.2321 0.2143 0.2262 0.3274
0.2798 0.1845 0.2024 0.3333
0.3333 0.2381 0.1786 0.2500
0.3214 0.1548 0.1905 0.3333
0.2917 0.1548 0.2381 0.3155
0.3452 0.1786 0.1964 0.2798

MOTIF filter47
letter-probability matrix: alength= 4 w= 24 nsites= 192
0.1990 0.3520 0.1990 0.2500
0.3214 0.1837 0.1684 0.3265
0.2704 0.2041 0.2092 0.3163
0.2959 0.2296 0.1786 0.2959
0.3265 0.1735 0.1531 0.3469
0.2602 0.2755 0.1786 0.2857
0.2449 0.2092 0.1990 0.3469
0.2806 0.1684 0.2398 0.3112
0.2398 0.2602 0.1735 0.3265
0.2449 0.2245 0.1786 0.3520
0.2857 0.2092 0.1939 0.3112
0.2653 0.2500 0.1888 0.2959
0.3010 0.2143 0.2041 0.2806
0.3265 0.1224 0.2347 0.3163
0.2857 0.2755 0.2143 0.2245
0.3214 0.1786 0.2092 0.2908
0.2500 0.1684 0.2041 0.3776
0.2653 0.2551 0.1786 0.3010
0.2908 0.1837 0.1990 0.3265
0.2704 0.1888 0.1939 0.3469
0.2908 0.1837 0.1582 0.3673
0.2857 0.1684 0.1480 0.3980
0.3214 0.1837 0.2194 0.2755
0.3163 0.2041 0.1531 0.3265

MOTIF filter48
letter-probability matrix: alength= 4 w= 24 nsites= 103
0.4673 0.3925 0.1028 0.0374
0.3832 0.1402 0.1215 0.3551
0.3551 0.1963 0.1589 0.2897
0.4112 0.1121 0.1869 0.2897
0.3178 0.2336 0.1495 0.2991
0.4579 0.1589 0.1495 0.2336
0.3645 0.1589 0.1589 0.3178
0.3832 0.1215 0.1682 0.3271
0.3551 0.2056 0.2150 0.2243
0.3364 0.2056 0.2243 0.2336
0.3364 0.1682 0.1682 0.3271
0.3738 0.1495 0.2150 0.2617
0.4112 0.1589 0.1963 0.2336
0.3645 0.1963 0.1682 0.2710
0.3458 0.1776 0.2710 0.2056
0.3738 0.1028 0.2804 0.2430
0.4112 0.1776 0.1963 0.2150
0.4112 0.1589 0.1776 0.2523
0.4019 0.2243 0.1121 0.2617
0.3645 0.1963 0.1589 0.2804
0.3178 0.1682 0.1963 0.3178
0.3271 0.2430 0.2056 0.2243
0.3364 0.2150 0.1682 0.2804
0.3832 0.1589 0.1776 0.2804

MOTIF filter49
letter-probability matrix: alength= 4 w= 24 nsites= 71
0.4933 0.1333 0.0133 0.3600
0.3067 0.1733 0.2133 0.3067
0.2800 0.2533 0.2000 0.2667
0.3333 0.1467 0.2400 0.2800
0.2800 0.2800 0.2000 0.2400
0.4000 0.1600 0.2000 0.2400
0.2933 0.0933 0.2000 0.4133
0.3467 0.2533 0.1733 0.2267
0.1867 0.2667 0.2400 0.3067
0.3067 0.2533 0.1733 0.2667
0.3067 0.2000 0.1867 0.3067
0.2933 0.3333 0.2000 0.1733
0.2667 0.2267 0.2000 0.3067
0.3600 0.2267 0.0933 0.3200
0.3200 0.1600 0.1600 0.3600
0.2933 0.2667 0.2000 0.2400
0.3067 0.2133 0.1867 0.2933
0.3333 0.2133 0.2000 0.2533
0.2933 0.2400 0.2667 0.2000
0.3867 0.1733 0.2267 0.2133
0.3733 0.2267 0.1600 0.2400
0.2667 0.2400 0.2133 0.2800
0.3333 0.1867 0.1200 0.3600
0.2667 0.1733 0.3067 0.2533

MOTIF filter50
letter-probability matrix: alength= 4 w= 24 nsites= 42
0.4565 0.1522 0.3043 0.0870
0.3696 0.1522 0.1739 0.3043
0.3261 0.1957 0.2174 0.2609
0.3913 0.2391 0.1739 0.1957
0.2826 0.2174 0.2609 0.2391
0.2609 0.2391 0.1739 0.3261
0.3478 0.2391 0.1522 0.2609
0.3913 0.1087 0.2391 0.2609
0.2609 0.1522 0.2174 0.3696
0.3696 0.2174 0.1957 0.2174
0.3696 0.2826 0.1739 0.1739
0.3043 0.2174 0.2174 0.2609
0.2826 0.1522 0.2391 0.3261
0.3261 0.1522 0.2174 0.3043
0.3043 0.3261 0.1304 0.2391
0.2609 0.2174 0.2391 0.2826
0.4348 0.1739 0.2174 0.1739
0.2826 0.1304 0.2391 0.3478
0.3261 0.1522 0.2826 0.2391
0.3696 0.1522 0.2609 0.2174
0.3261 0.2174 0.1739 0.2826
0.3696 0.1739 0.1522 0.3043
0.3043 0.1087 0.1739 0.4130
0.2391 0.1957 0.2391 0.3261

MOTIF filter51
letter-probability matrix: alength= 4 w= 24 nsites= 191
0.0718 0.1128 0.2410 0.5744
0.2974 0.1795 0.2154 0.3077
0.2359 0.1744 0.2205 0.3692
0.2821 0.1744 0.1641 0.3795
0.2872 0.1744 0.1949 0.3436
0.2923 0.2615 0.1436 0.3026
0.3333 0.1641 0.1897 0.3128
0.3692 0.1590 0.1949 0.2769
0.2872 0.1846 0.1641 0.3641
0.2821 0.2256 0.1692 0.3231
0.3385 0.2103 0.1231 0.3282
0.2718 0.1744 0.2000 0.3538
0.2564 0.2308 0.1795 0.3333
0.3590 0.1795 0.1744 0.2872
0.3538 0.1436 0.2000 0.3026
0.3641 0.2205 0.1692 0.2462
0.3231 0.2205 0.1692 0.2872
