MEME version 4

ALPHABET= ACGT

Background letter frequencies:
A 0.3075 C 0.1936 G 0.1929 T 0.3061

MOTIF filter0
letter-probability matrix: alength= 4 w= 24 nsites= 82
0.0349 0.3721 0.4419 0.1512
0.0116 0.4884 0.3140 0.1860
0.1047 0.1163 0.7326 0.0465
0.0116 0.1163 0.8488 0.0233
0.0233 0.4767 0.2326 0.2674
0.1047 0.1860 0.2558 0.4535
0.0581 0.6860 0.1628 0.0930
0.0233 0.6279 0.1628 0.1860
0.1977 0.5000 0.2907 0.0116
0.0465 0.5233 0.4186 0.0116
0.1279 0.6395 0.0465 0.1860
0.0233 0.5698 0.2674 0.1395
0.0116 0.4884 0.3256 0.1744
0.0233 0.6395 0.3023 0.0349
0.0349 0.7093 0.2209 0.0349
0.0930 0.2674 0.6163 0.0233
0.0698 0.3721 0.4070 0.1512
0.1860 0.0465 0.7209 0.0465
0.0698 0.2558 0.6628 0.0116
0.0349 0.7093 0.2209 0.0349
0.0581 0.2674 0.6395 0.0349
0.0116 0.2558 0.7093 0.0233
0.1395 0.0581 0.7326 0.0698
0.0116 0.3140 0.6628 0.0116

MOTIF filter1
letter-probability matrix: alength= 4 w= 24 nsites= 107
0.7117 0.0270 0.1982 0.0631
0.1441 0.0721 0.7027 0.0811
0.6667 0.1171 0.0270 0.1892
0.4865 0.3514 0.0991 0.0631
0.8649 0.0090 0.0901 0.0360
0.5676 0.1532 0.1441 0.1351
0.4595 0.0631 0.4144 0.0631
0.4144 0.2252 0.0811 0.2793
0.5495 0.1081 0.2703 0.0721
0.7568 0.0270 0.2072 0.0090
0.5315 0.1622 0.2973 0.0090
0.3874 0.1081 0.3153 0.1892
0.4414 0.3153 0.1622 0.0811
0.2973 0.3243 0.0631 0.3153
0.3694 0.3784 0.1441 0.1081
0.2523 0.0360 0.4324 0.2793
0.8018 0.0991 0.0811 0.0180
0.7387 0.1171 0.1351 0.0090
0.2703 0.3694 0.1081 0.2523
0.0090 0.3784 0.0090 0.6036
0.8739 0.0180 0.0090 0.0991
0.7928 0.0270 0.1712 0.0090
0.2613 0.0991 0.4955 0.1441
0.2973 0.3063 0.2162 0.1802

MOTIF filter2
letter-probability matrix: alength= 4 w= 24 nsites= 291
0.3763 0.0068 0.5898 0.0271
0.4881 0.0610 0.3932 0.0576
0.7254 0.0915 0.1492 0.0339
0.9356 0.0237 0.0373 0.0034
0.6373 0.0305 0.3254 0.0068
0.5695 0.0034 0.4102 0.0169
0.5051 0.0034 0.4847 0.0068
0.8576 0.0136 0.1254 0.0034
0.9390 0.0034 0.0339 0.0237
0.6678 0.0034 0.3119 0.0169
0.6136 0.0136 0.2949 0.0780
0.5763 0.0136 0.3729 0.0373
0.7661 0.0034 0.2000 0.0305
0.8034 0.0678 0.1153 0.0136
0.8068 0.0102 0.1559 0.0271
0.5254 0.1458 0.2814 0.0475
0.5492 0.1051 0.3288 0.0169
0.6644 0.0271 0.2373 0.0712
0.2441 0.1390 0.4847 0.1322
0.4644 0.1729 0.2983 0.0644
0.6203 0.1051 0.2576 0.0169
0.3831 0.2068 0.0847 0.3254
0.1932 0.0441 0.6000 0.1627
0.4000 0.1186 0.2034 0.2780

MOTIF filter3
letter-probability matrix: alength= 4 w= 24 nsites= 279
0.0177 0.1378 0.7915 0.0530
0.0636 0.2403 0.3074 0.3887
0.0495 0.5018 0.3322 0.1166
0.0459 0.1413 0.6714 0.1413
0.0212 0.4841 0.2615 0.2332
0.0777 0.1519 0.4346 0.3357
0.0636 0.4134 0.2509 0.2721
0.0141 0.3781 0.2650 0.3428
0.0318 0.2792 0.2191 0.4700
0.1272 0.2297 0.4417 0.2014
0.0212 0.7208 0.1484 0.1095
0.1519 0.3534 0.2191 0.2756
0.0389 0.1590 0.6360 0.1661
0.1166 0.4240 0.2509 0.2085
0.1060 0.1484 0.4735 0.2721
0.0813 0.2226 0.6784 0.0177
0.2686 0.2968 0.2085 0.2261
0.1060 0.1237 0.7279 0.0424
0.1307 0.2297 0.5618 0.0777
0.1166 0.3357 0.5159 0.0318
0.1625 0.2792 0.2191 0.3392
0.0389 0.2014 0.7527 0.0071
0.1095 0.1943 0.5442 0.1519
0.0424 0.1272 0.7915 0.0389

MOTIF filter4
letter-probability matrix: alength= 4 w= 24 nsites= 160
0.0671 0.3780 0.4268 0.1280
0.0183 0.5244 0.0732 0.3841
0.0854 0.1707 0.2683 0.4756
0.0122 0.1280 0.4146 0.4451
0.0183 0.4268 0.2683 0.2866
0.1159 0.1890 0.4695 0.2256
0.0183 0.2439 0.2805 0.4573
0.0061 0.5061 0.2195 0.2683
0.0793 0.4817 0.1098 0.3293
0.0183 0.2622 0.6524 0.0671
0.2500 0.6280 0.0793 0.0427
0.2317 0.3171 0.3720 0.0793
0.0732 0.6585 0.2439 0.0244
0.0366 0.5732 0.3110 0.0793
0.0793 0.1890 0.3780 0.3537
0.0671 0.6159 0.2622 0.0549
0.1159 0.3293 0.5305 0.0244
0.2256 0.2744 0.4268 0.0732
0.2683 0.3537 0.2805 0.0976
0.0976 0.5244 0.2683 0.1098
0.2073 0.1220 0.4451 0.2256
0.0122 0.2500 0.6951 0.0427
0.0732 0.7256 0.1890 0.0122
0.0915 0.2134 0.6159 0.0793

MOTIF filter5
letter-probability matrix: alength= 4 w= 24 nsites= 608
0.0507 0.1258 0.0163 0.8072
0.1029 0.1029 0.0490 0.7451
0.0163 0.1340 0.0294 0.8203
0.0539 0.2010 0.0327 0.7124
0.0098 0.1095 0.0065 0.8742
0.0539 0.1176 0.0458 0.7827
0.0049 0.0703 0.0016 0.9232
0.0163 0.0817 0.0065 0.8954
0.0180 0.0899 0.0049 0.8873
0.0229 0.1356 0.0033 0.8382
0.0065 0.0588 0.0245 0.9101
0.0376 0.1144 0.0163 0.8317
0.0114 0.0703 0.0049 0.9134
0.0131 0.0310 0.0212 0.9346
0.0098 0.0686 0.0359 0.8856
0.0065 0.1062 0.0016 0.8856
0.0327 0.0703 0.0703 0.8268
0.0882 0.1258 0.0212 0.7647
0.0392 0.1340 0.0163 0.8105
0.0654 0.0278 0.0196 0.8873
0.0261 0.0376 0.0098 0.9265
0.0033 0.0490 0.0016 0.9461
0.0229 0.1275 0.0376 0.8121
0.0261 0.2761 0.0261 0.6716

MOTIF filter6
letter-probability matrix: alength= 4 w= 24 nsites= 45
0.3878 0.1837 0.1429 0.2857
0.7551 0.0204 0.0816 0.1429
0.2449 0.3265 0.2653 0.1633
0.0612 0.0204 0.1837 0.7347
0.1020 0.1429 0.1020 0.6531
0.1837 0.0816 0.3265 0.4082
0.1224 0.6122 0.0612 0.2041
0.3469 0.1020 0.5306 0.0204
0.1020 0.0408 0.5714 0.2857
0.0612 0.2041 0.1224 0.6122
0.1020 0.2041 0.1020 0.5918
0.3673 0.4694 0.1429 0.0204
0.2857 0.3673 0.2857 0.0612
0.1020 0.3469 0.0816 0.4694
0.0816 0.3469 0.2041 0.3673
0.3878 0.3265 0.2449 0.0408
0.4694 0.0612 0.4286 0.0408
0.3469 0.2245 0.3878 0.0408
0.0816 0.3469 0.0204 0.5510
0.0408 0.0408 0.0204 0.8980
0.4694 0.1429 0.0408 0.3469
0.4694 0.0204 0.3878 0.1224
0.6531 0.1429 0.1429 0.0612
0.0408 0.1429 0.2449 0.5714

MOTIF filter7
letter-probability matrix: alength= 4 w= 24 nsites= 353
0.8880 0.0476 0.0476 0.0168
0.8151 0.0504 0.0728 0.0616
0.8095 0.0840 0.0588 0.0476
0.9524 0.0392 0.0028 0.0056
0.8852 0.0420 0.0252 0.0476
0.8487 0.0308 0.1148 0.0056
0.9356 0.0196 0.0308 0.0140
0.9076 0.0476 0.0112 0.0336
0.9328 0.0476 0.0112 0.0084
0.9440 0.0224 0.0168 0.0168
0.8291 0.1345 0.0196 0.0168
0.8683 0.0840 0.0308 0.0168
0.6779 0.0476 0.1429 0.1317
0.7423 0.0868 0.0980 0.0728
0.7647 0.1513 0.0140 0.0700
0.7423 0.2129 0.0168 0.0280
0.6078 0.3025 0.0588 0.0308
0.7563 0.1148 0.0252 0.1036
0.6387 0.1008 0.0756 0.1849
0.6695 0.1064 0.1204 0.1036
0.8403 0.0924 0.0560 0.0112
0.9076 0.0392 0.0112 0.0420
0.7899 0.1429 0.0280 0.0392
0.8347 0.1148 0.0448 0.0056

MOTIF filter8
letter-probability matrix: alength= 4 w= 24 nsites= 56
0.7167 0.0667 0.0333 0.1833
0.2833 0.4167 0.2000 0.1000
0.3833 0.0667 0.4667 0.0833
0.3333 0.1333 0.1500 0.3833
0.3667 0.0833 0.4833 0.0667
0.2500 0.3667 0.3167 0.0667
0.1667 0.0667 0.7167 0.0500
0.0667 0.2333 0.4833 0.2167
0.1500 0.1333 0.1167 0.6000
0.4833 0.2333 0.0500 0.2333
0.5333 0.0667 0.1167 0.2833
0.6833 0.0667 0.1500 0.1000
0.7500 0.1000 0.1333 0.0167
0.1167 0.2333 0.0333 0.6167
0.0500 0.2833 0.0167 0.6500
0.7000 0.0667 0.1833 0.0500
0.5167 0.0167 0.4500 0.0167
0.6667 0.0667 0.2167 0.0500
0.0500 0.3333 0.4000 0.2167
0.0500 0.2500 0.0333 0.6667
0.4167 0.1833 0.1833 0.2167
0.7333 0.0333 0.0500 0.1833
0.2333 0.3667 0.1667 0.2333
0.2500 0.0167 0.3167 0.4167

MOTIF filter9
letter-probability matrix: alength= 4 w= 24 nsites= 119
0.0488 0.2114 0.1707 0.5691
0.5528 0.0813 0.1626 0.2033
0.8780 0.0650 0.0081 0.0488
0.8943 0.0488 0.0407 0.0163
0.3008 0.0732 0.3333 0.2927
0.1138 0.5772 0.1545 0.1545
0.3171 0.2602 0.3252 0.0976
0.7480 0.0894 0.1138 0.0488
0.9512 0.0081 0.0244 0.0163
0.4878 0.2276 0.0569 0.2276
0.4390 0.0813 0.2033 0.2764
0.5854 0.0488 0.1870 0.1789
0.3659 0.1707 0.2520 0.2114
0.5610 0.0325 0.2602 0.1463
0.2114 0.1301 0.2439 0.4146
0.0894 0.3821 0.0569 0.4715
0.0569 0.2846 0.0488 0.6098
0.0325 0.1545 0.1626 0.6504
0.5447 0.0244 0.0488 0.3821
0.9268 0.0244 0.0325 0.0163
0.6748 0.2520 0.0163 0.0569
0.3984 0.1626 0.0244 0.4146
0.3089 0.1789 0.0407 0.4715
0.4228 0.2683 0.1301 0.1789

MOTIF filter10
letter-probability matrix: alength= 4 w= 24 nsites= 206
0.1000 0.0286 0.0429 0.8286
0.4000 0.0571 0.0238 0.5190
0.5000 0.0714 0.1381 0.2905
0.7857 0.0952 0.0238 0.0952
0.0238 0.0762 0.0810 0.8190
0.2143 0.2190 0.3238 0.2429
0.1190 0.2810 0.0524 0.5476
0.6714 0.0238 0.1714 0.1333
0.2667 0.1619 0.0810 0.4905
0.0714 0.0571 0.0095 0.8619
0.1762 0.0238 0.0381 0.7619
0.6571 0.0190 0.1619 0.1619
0.5286 0.0619 0.1238 0.2857
0.2238 0.0095 0.3238 0.4429
0.2952 0.0667 0.0429 0.5952
0.1857 0.1571 0.0286 0.6286
0.4571 0.1000 0.0714 0.3714
0.0857 0.0333 0.0286 0.8524
0.2286 0.0333 0.0476 0.6905
0.6524 0.0619 0.2048 0.0810
0.3810 0.1429 0.3095 0.1667
0.0143 0.0952 0.0905 0.8000
0.1714 0.1048 0.0476 0.6762
0.5714 0.1476 0.0714 0.2095

MOTIF filter12
letter-probability matrix: alength= 4 w= 24 nsites= 91
0.0105 0.6947 0.0526 0.2421
0.0316 0.1368 0.0526 0.7789
0.0526 0.3579 0.0737 0.5158
0.0421 0.1474 0.0632 0.7474
0.0211 0.2526 0.0632 0.6632
0.0211 0.1579 0.3579 0.4632
0.0421 0.6421 0.1368 0.1789
0.0316 0.1158 0.5579 0.2947
0.0632 0.3579 0.2421 0.3368
0.0211 0.1053 0.6105 0.2632
0.0526 0.7053 0.0526 0.1895
0.1895 0.1474 0.0947 0.5684
0.0211 0.3474 0.2947 0.3368
0.0105 0.4105 0.2526 0.3263
0.0105 0.2526 0.3474 0.3895
0.0421 0.3895 0.3263 0.2421
0.0842 0.3579 0.2842 0.2737
0.2000 0.1053 0.3263 0.3684
0.0316 0.1053 0.5579 0.3053
0.0105 0.2105 0.3263 0.4526
0.0421 0.2316 0.0842 0.6421
0.0316 0.0737 0.3474 0.5474
0.0105 0.8632 0.0737 0.0526
0.1053 0.3684 0.1053 0.4211

MOTIF filter13
letter-probability matrix: alength= 4 w= 24 nsites= 52
0.4821 0.0536 0.1250 0.3393
0.4643 0.2857 0.0357 0.2143
0.8036 0.0893 0.0536 0.0536
0.6964 0.1964 0.0714 0.0357
0.5357 0.0714 0.3750 0.0179
0.1429 0.4643 0.2321 0.1607
0.2679 0.1071 0.5536 0.0714
0.0179 0.3214 0.1429 0.5179
0.4464 0.2500 0.0179 0.2857
0.2857 0.0714 0.6250 0.0179
0.3036 0.0179 0.6071 0.0714
0.2857 0.4286 0.1429 0.1429
0.0357 0.2321 0.3750 0.3571
0.0714 0.2679 0.1786 0.4821
0.3214 0.3214 0.0536 0.3036
0.2857 0.3036 0.0893 0.3214
0.0179 0.2321 0.2500 0.5000
0.0357 0.1607 0.3393 0.4643
0.4464 0.1964 0.3214 0.0357
0.6429 0.1250 0.2143 0.0179
0.3214 0.0536 0.4107 0.2143
0.5714 0.0536 0.0179 0.3571
0.0714 0.6786 0.0179 0.2321
0.2500 0.1071 0.0893 0.5536

MOTIF filter14
letter-probability matrix: alength= 4 w= 24 nsites= 36
0.0500 0.3500 0.1750 0.4250
0.0750 0.0750 0.0250 0.8250
0.2000 0.0250 0.6250 0.1500
0.2500 0.1500 0.5000 0.1000
0.0250 0.5250 0.3250 0.1250
0.3500 0.1000 0.3250 0.2250
0.2000 0.4250 0.0500 0.3250
0.1500 0.2250 0.4000 0.2250
0.4000 0.2000 0.1750 0.2250
0.2250 0.2000 0.4000 0.1750
0.0500 0.2250 0.5250 0.2000
0.1000 0.7250 0.1000 0.0750
0.1500 0.0750 0.2000 0.5750
0.0500 0.1250 0.4000 0.4250
0.1250 0.3250 0.4500 0.1000
0.1000 0.3500 0.4250 0.1250
0.2000 0.0500 0.3500 0.4000
0.7750 0.0250 0.1250 0.0750
0.0750 0.3250 0.4000 0.2000
0.1500 0.0500 0.1500 0.6500
0.0500 0.1500 0.2000 0.6000
0.0500 0.2000 0.2750 0.4750
0.0250 0.8500 0.0750 0.0500
0.0500 0.6500 0.1500 0.1500

MOTIF filter15
letter-probability matrix: alength= 4 w= 24 nsites= 263
0.2921 0.0899 0.0037 0.6142
0.9064 0.0112 0.0075 0.0749
0.0824 0.1386 0.0225 0.7566
0.8165 0.0262 0.0300 0.1273
0.0936 0.1236 0.0337 0.7491
0.8652 0.0262 0.0599 0.0487
0.1311 0.2397 0.0150 0.6142
0.7790 0.0449 0.0974 0.0787
0.6479 0.0449 0.0112 0.2959
0.4045 0.0936 0.0150 0.4869
0.3071 0.0225 0.0974 0.5730
0.8052 0.0449 0.0225 0.1273
0.3820 0.0225 0.0075 0.5880
0.5468 0.0150 0.2247 0.2135
0.4607 0.2135 0.0150 0.3109
0.5730 0.0712 0.0187 0.3371
0.7528 0.0150 0.0749 0.1573
0.9213 0.0375 0.0150 0.0262
0.0225 0.0936 0.0037 0.8801
0.6142 0.0075 0.0225 0.3558
0.2584 0.0599 0.0337 0.6479
0.6067 0.0187 0.0337 0.3408
0.4270 0.0712 0.0075 0.4944
0.3184 0.1910 0.0037 0.4869

MOTIF filter16
letter-probability matrix: alength= 4 w= 24 nsites= 60
0.2500 0.2500 0.0312 0.4688
0.1094 0.0469 0.2500 0.5938
0.0625 0.0938 0.1250 0.7188
0.0625 0.0781 0.0781 0.7812
0.0938 0.0156 0.0938 0.7969
0.5781 0.2031 0.0469 0.1719
0.1719 0.6094 0.1094 0.1094
0.0469 0.0469 0.0781 0.8281
0.0625 0.2969 0.1094 0.5312
0.1406 0.1875 0.5000 0.1719
0.5000 0.0469 0.3750 0.0781
0.0156 0.0469 0.2656 0.6719
0.0312 0.0625 0.0156 0.8906
0.3750 0.1719 0.1250 0.3281
0.3125 0.0625 0.6094 0.0156
0.4375 0.0469 0.3125 0.2031
0.1875 0.1250 0.1250 0.5625
0.0312 0.0781 0.0469 0.8438
0.1562 0.1875 0.1250 0.5312
0.3594 0.0312 0.0781 0.5312
0.2656 0.0156 0.1406 0.5781
0.2188 0.1094 0.0312 0.6406
0.1250 0.2812 0.1875 0.4062
0.3750 0.2031 0.0312 0.3906

MOTIF filter17
letter-probability matrix: alength= 4 w= 24 nsites= 313
0.2492 0.1199 0.0095 0.6215
0.6088 0.0599 0.0442 0.2871
0.1703 0.1262 0.0536 0.6498
0.8265 0.0315 0.0315 0.1104
0.0883 0.1767 0.0221 0.7129
0.8202 0.0726 0.0284 0.0789
0.0599 0.1009 0.0032 0.8360
0.7350 0.0158 0.0315 0.2177
0.0442 0.0599 0.0032 0.8927
0.7603 0.0158 0.0095 0.2145
0.0726 0.0347 0.0032 0.8896
0.8833 0.0063 0.0126 0.0978
0.0063 0.0158 0.0032 0.9748
0.9306 0.0032 0.0126 0.0536
0.0221 0.0252 0.0032 0.9495
0.8833 0.0284 0.0221 0.0662
0.0599 0.0347 0.0095 0.8959
0.9590 0.0063 0.0126 0.0221
0.0252 0.0315 0.0032 0.9401
0.8801 0.0095 0.0284 0.0820
0.0095 0.0284 0.0095 0.9527
0.8896 0.0379 0.0063 0.0662
0.0757 0.1199 0.0189 0.7855
0.5678 0.0726 0.1073 0.2524

MOTIF filter18
letter-probability matrix: alength= 4 w= 24 nsites= 26
0.1333 0.0667 0.7667 0.0333
0.0333 0.2667 0.6000 0.1000
0.1333 0.0667 0.5333 0.2667
0.1000 0.4000 0.0667 0.4333
0.3667 0.4667 0.0333 0.1333
0.5000 0.1667 0.0667 0.2667
0.6333 0.0333 0.1000 0.2333
0.7000 0.1000 0.0333 0.1667
0.7667 0.0333 0.1000 0.1000
0.4000 0.1000 0.3000 0.2000
0.0333 0.8667 0.0333 0.0667
0.1000 0.3000 0.2333 0.3667
0.3333 0.0333 0.2667 0.3667
0.7667 0.0667 0.1000 0.0667
0.2667 0.5333 0.0667 0.1333
0.0667 0.5333 0.2667 0.1333
0.1000 0.3333 0.1333 0.4333
0.1333 0.2000 0.4667 0.2000
0.0667 0.2333 0.6000 0.1000
0.0667 0.5000 0.0333 0.4000
0.6000 0.0333 0.1333 0.2333
0.2667 0.0333 0.4000 0.3000
0.3000 0.1333 0.1000 0.4667
0.2667 0.1667 0.3333 0.2333

MOTIF filter19
letter-probability matrix: alength= 4 w= 24 nsites= 155
0.2642 0.0063 0.4528 0.2767
0.2138 0.1006 0.3585 0.3270
0.3836 0.1824 0.3459 0.0881
0.6226 0.0377 0.1384 0.2013
0.6478 0.0189 0.2830 0.0503
0.6478 0.0189 0.1824 0.1509
0.7610 0.0063 0.2075 0.0252
0.6730 0.0063 0.2013 0.1195
0.9308 0.0063 0.0566 0.0063
0.5535 0.0063 0.3711 0.0692
0.6792 0.0063 0.3082 0.0063
0.7044 0.0063 0.1509 0.1384
0.9182 0.0063 0.0629 0.0126
0.5409 0.0063 0.3774 0.0755
0.7736 0.0063 0.1761 0.0440
0.2767 0.0252 0.1258 0.5723
0.3145 0.0126 0.6415 0.0314
0.5409 0.0440 0.2453 0.1698
0.5597 0.1006 0.2704 0.0692
0.8868 0.0063 0.0881 0.0189
0.4717 0.0377 0.4403 0.0503
0.8553 0.0063 0.0566 0.0818
0.6981 0.0063 0.1132 0.1824
0.2830 0.0126 0.3208 0.3836

MOTIF filter20
letter-probability matrix: alength= 4 w= 24 nsites= 252
0.1211 0.0039 0.8711 0.0039
0.1797 0.3125 0.4570 0.0508
0.7344 0.1016 0.1250 0.0391
0.6094 0.1094 0.2656 0.0156
0.5312 0.2891 0.1602 0.0195
0.5547 0.0273 0.3867 0.0312
0.4141 0.0859 0.4570 0.0430
0.4570 0.2500 0.2539 0.0391
0.7305 0.0312 0.2188 0.0195
0.6523 0.0312 0.2852 0.0312
0.5586 0.3086 0.1289 0.0039
0.6641 0.1055 0.1758 0.0547
0.3945 0.0156 0.4375 0.1523
0.2148 0.3008 0.3945 0.0898
0.5039 0.1250 0.2852 0.0859
0.3164 0.2539 0.3984 0.0312
0.1602 0.6641 0.1328 0.0430
0.4688 0.0938 0.4336 0.0039
0.1250 0.5586 0.3047 0.0117
0.4375 0.2031 0.3125 0.0469
0.5156 0.1680 0.2852 0.0312
0.2266 0.3711 0.3828 0.0195
0.3281 0.2539 0.2500 0.1680
0.3047 0.0820 0.6055 0.0078

MOTIF filter21
letter-probability matrix: alength= 4 w= 24 nsites= 631
0.0189 0.2283 0.0142 0.7386
0.0677 0.1134 0.0220 0.7969
0.0063 0.1087 0.0441 0.8409
0.0126 0.1480 0.0189 0.8205
0.0031 0.1150 0.0047 0.8772
0.0173 0.1591 0.0094 0.8142
0.0016 0.2063 0.0016 0.7906
0.0220 0.0803 0.0268 0.8709
0.0315 0.1213 0.0094 0.8378
0.0016 0.0724 0.0110 0.9150
0.0031 0.0362 0.0079 0.9528
0.0110 0.1118 0.0157 0.8614
0.0189 0.1701 0.0110 0.8000
0.0362 0.0992 0.0315 0.8331
0.0173 0.1244 0.0236 0.8346
0.0331 0.0961 0.0472 0.8236
0.0283 0.1843 0.0362 0.7512
0.1102 0.1260 0.0094 0.7543
0.0394 0.1008 0.0110 0.8488
0.0252 0.0803 0.0031 0.8913
0.0142 0.0063 0.0094 0.9701
0.0126 0.0315 0.0173 0.9386
0.0094 0.1528 0.0205 0.8173
0.1354 0.1197 0.0551 0.6898

MOTIF filter22
letter-probability matrix: alength= 4 w= 24 nsites= 53
0.0702 0.2105 0.2632 0.4561
0.0877 0.6491 0.0702 0.1930
0.2982 0.0702 0.5789 0.0526
0.1404 0.1579 0.6491 0.0526
0.3333 0.1053 0.5263 0.0351
0.0526 0.2281 0.3333 0.3860
0.0702 0.4737 0.3860 0.0702
0.0702 0.0526 0.7018 0.1754
0.3333 0.0702 0.2456 0.3509
0.3684 0.2982 0.1228 0.2105
0.1228 0.5439 0.0351 0.2982
0.3860 0.1053 0.1404 0.3684
0.6667 0.0175 0.2456 0.0702
0.3509 0.3333 0.2105 0.1053
0.2456 0.0351 0.5439 0.1754
0.2982 0.0175 0.6491 0.0351
0.6316 0.0877 0.1404 0.1404
0.1404 0.2982 0.1053 0.4561
0.2281 0.4561 0.0877 0.2281
0.5789 0.2281 0.0702 0.1228
0.4386 0.1053 0.3509 0.1053
0.1754 0.1404 0.6316 0.0526
0.3333 0.2632 0.3509 0.0526
0.0351 0.0351 0.8772 0.0526

MOTIF filter23
letter-probability matrix: alength= 4 w= 24 nsites= 297
0.0432 0.5548 0.0532 0.3488
0.0498 0.0897 0.1030 0.7575
0.0199 0.4718 0.1462 0.3621
0.0166 0.2425 0.1096 0.6312
0.0199 0.2658 0.1229 0.5914
0.0831 0.1262 0.1462 0.6445
0.0332 0.3721 0.0199 0.5748
0.1030 0.0664 0.0631 0.7674
0.0365 0.0897 0.0797 0.7940
0.0166 0.1595 0.0565 0.7674
0.0199 0.1130 0.0664 0.8007
0.0166 0.0764 0.0498 0.8571
0.0100 0.2060 0.0033 0.7807
0.0033 0.0432 0.0532 0.9003
0.0100 0.2791 0.0166 0.6944
0.0033 0.0764 0.0100 0.9103
0.0033 0.1296 0.0233 0.8439
0.0199 0.0631 0.0565 0.8605
0.0033 0.1860 0.0066 0.8040
0.0133 0.0100 0.0033 0.9734
0.0199 0.0963 0.0100 0.8738
0.0033 0.1495 0.0066 0.8405
0.0066 0.3821 0.0498 0.5615
0.0100 0.3189 0.0598 0.6113

MOTIF filter24
letter-probability matrix: alength= 4 w= 24 nsites= 300
0.2303 0.2664 0.1579 0.3454
0.2895 0.0526 0.0822 0.5757
0.0263 0.1842 0.5888 0.2007
0.0461 0.1447 0.1382 0.6711
0.0428 0.2533 0.1941 0.5099
0.2237 0.1053 0.5954 0.0757
0.0197 0.5724 0.0263 0.3816
0.0296 0.0164 0.3026 0.6513
0.0592 0.5954 0.1151 0.2303
0.1020 0.1480 0.4046 0.3454
0.2303 0.0362 0.1184 0.6151
0.1414 0.6020 0.1250 0.1316
0.0888 0.1974 0.3684 0.3454
0.0757 0.4112 0.0921 0.4211
0.0592 0.2171 0.2434 0.4803
0.1875 0.3191 0.2664 0.2270
0.2171 0.0493 0.4145 0.3191
0.3026 0.0066 0.3586 0.3322
0.2730 0.2007 0.1579 0.3684
0.2730 0.2566 0.3289 0.1414
0.0132 0.0691 0.0296 0.8882
0.0197 0.0789 0.0197 0.8816
0.1579 0.3849 0.1118 0.3454
0.2237 0.3026 0.1480 0.3257

MOTIF filter25
letter-probability matrix: alength= 4 w= 24 nsites= 940
0.3167 0.0180 0.0011 0.6642
0.5350 0.0095 0.0275 0.4280
0.4703 0.0265 0.0085 0.4947
0.4078 0.0053 0.0011 0.5858
0.7669 0.0032 0.0127 0.2172
0.8337 0.0011 0.0212 0.1441
0.4396 0.0011 0.0095 0.5498
0.9015 0.0011 0.0360 0.0614
0.6314 0.0011 0.0074 0.3602
0.6663 0.0011 0.0011 0.3316
0.9142 0.0011 0.0244 0.0604
0.4989 0.0042 0.0117 0.4852
0.7119 0.0011 0.0053 0.2818
0.6091 0.0021 0.0032 0.3856
0.5530 0.0138 0.0053 0.4280
0.4131 0.0159 0.0011 0.5699
0.9269 0.0244 0.0042 0.0445
0.3072 0.0275 0.0053 0.6600
0.4121 0.0085 0.0042 0.5752
0.5286 0.0117 0.0127 0.4470
0.4078 0.0466 0.0042 0.5413
0.6547 0.0095 0.0074 0.3284
0.6282 0.0117 0.0032 0.3570
0.4597 0.0233 0.0053 0.5117

MOTIF filter26
letter-probability matrix: alength= 4 w= 24 nsites= 55
0.0169 0.0169 0.8983 0.0678
0.0339 0.1356 0.8136 0.0169
0.1525 0.1186 0.4576 0.2712
0.0169 0.1017 0.3390 0.5424
0.4746 0.4237 0.0169 0.0847
0.3220 0.0169 0.4915 0.1695
0.2881 0.0169 0.5932 0.1017
0.6780 0.0508 0.0847 0.1864
0.1186 0.3220 0.3898 0.1695
0.2203 0.4915 0.1695 0.1186
0.0169 0.9492 0.0169 0.0169
0.2542 0.4237 0.1525 0.1695
0.3559 0.0339 0.4915 0.1186
0.3898 0.2373 0.2373 0.1356
0.6102 0.1695 0.1356 0.0847
0.0508 0.2542 0.6102 0.0847
0.1356 0.2034 0.5593 0.1017
0.5085 0.0508 0.3390 0.1017
0.1017 0.1525 0.5085 0.2373
0.0169 0.1695 0.1186 0.6949
0.5424 0.1525 0.0678 0.2373
0.1017 0.1356 0.6949 0.0678
0.0508 0.1017 0.4407 0.4068
0.2203 0.1186 0.5085 0.1525

MOTIF filter27
letter-probability matrix: alength= 4 w= 24 nsites= 213
0.0553 0.0184 0.9124 0.0138
0.0507 0.5760 0.3041 0.0691
0.5392 0.1475 0.2903 0.0230
0.2212 0.2258 0.4885 0.0645
0.4654 0.4147 0.0415 0.0783
0.5899 0.0922 0.0783 0.2396
0.4839 0.0184 0.2028 0.2949
0.6221 0.2673 0.0276 0.0829
0.6774 0.1244 0.1382 0.0599
0.5576 0.1336 0.2811 0.0276
0.5576 0.2673 0.1382 0.0369
0.1889 0.0230 0.4931 0.2949
0.2028 0.0599 0.6083 0.1290
0.5023 0.2350 0.2028 0.0599
0.3041 0.2074 0.2304 0.2581
0.1382 0.3041 0.3134 0.2442
0.1060 0.5853 0.2765 0.0323
0.4009 0.1659 0.3548 0.0783
0.2535 0.0968 0.6221 0.0276
0.6175 0.2350 0.0645 0.0829
0.5945 0.0968 0.2811 0.0276
0.2350 0.3410 0.3917 0.0323
0.0922 0.1429 0.3272 0.4378
0.2903 0.0691 0.5115 0.1290

MOTIF filter28
letter-probability matrix: alength= 4 w= 24 nsites= 573
0.7643 0.0364 0.1421 0.0572
0.6932 0.0607 0.1300 0.1161
0.9376 0.0139 0.0399 0.0087
0.9341 0.0225 0.0035 0.0399
0.8804 0.0035 0.0815 0.0347
0.7955 0.0069 0.1369 0.0607
0.8146 0.0121 0.1698 0.0035
0.8925 0.0069 0.0711 0.0295
0.9931 0.0017 0.0035 0.0017
0.9116 0.0173 0.0052 0.0659
0.8925 0.0035 0.0641 0.0399
0.8579 0.0017 0.1317 0.0087
0.8302 0.0260 0.0971 0.0468
0.7799 0.0069 0.0624 0.1508
0.8544 0.0052 0.0589 0.0815
0.5875 0.2097 0.1075 0.0953
0.8111 0.0659 0.1092 0.0139
0.7782 0.0139 0.1542 0.0537
0.7695 0.1265 0.0589 0.0451
0.9515 0.0104 0.0243 0.0139
0.8735 0.0139 0.0451 0.0676
0.5997 0.1352 0.0520 0.2132
0.7279 0.0277 0.0919 0.1525
0.6170 0.0399 0.1560 0.1872

MOTIF filter29
letter-probability matrix: alength= 4 w= 24 nsites= 172
0.5568 0.1080 0.2330 0.1023
0.3352 0.2386 0.3125 0.1136
0.8864 0.0341 0.0284 0.0511
0.4545 0.1591 0.2216 0.1648
0.8920 0.0568 0.0398 0.0114
0.6705 0.1818 0.0170 0.1307
0.9148 0.0341 0.0455 0.0057
0.5568 0.2500 0.0284 0.1648
0.0625 0.5170 0.0966 0.3239
0.1761 0.1307 0.4432 0.2500
0.3693 0.1875 0.3239 0.1193
0.1193 0.1364 0.5000 0.2443
0.0170 0.3636 0.4489 0.1705
0.0852 0.6023 0.2670 0.0455
0.1080 0.0341 0.4886 0.3693
0.3182 0.2386 0.0909 0.3523
0.0057 0.6023 0.1591 0.2330
0.0341 0.3693 0.3580 0.2386
0.1932 0.1023 0.6420 0.0625
0.3977 0.2386 0.2727 0.0909
0.3580 0.1818 0.2670 0.1932
0.5455 0.1420 0.0682 0.2443
0.2443 0.2273 0.1534 0.3750
0.6591 0.0170 0.0625 0.2614

MOTIF filter30
letter-probability matrix: alength= 4 w= 24 nsites= 216
0.2227 0.0455 0.1500 0.5818
0.1500 0.0045 0.6682 0.1773
0.6318 0.0864 0.2455 0.0364
0.6909 0.0318 0.1000 0.1773
0.5773 0.0136 0.2727 0.1364
0.3409 0.0045 0.4091 0.2455
0.6955 0.0045 0.2909 0.0091
0.7818 0.0045 0.1818 0.0318
0.9727 0.0091 0.0136 0.0045
0.7727 0.0136 0.0318 0.1818
0.8318 0.0045 0.1591 0.0045
0.6364 0.0182 0.1136 0.2318
0.9091 0.0045 0.0682 0.0182
0.4591 0.0045 0.3182 0.2182
0.4545 0.0818 0.2045 0.2591
0.5045 0.0727 0.0818 0.3409
0.8318 0.0500 0.1045 0.0136
0.5636 0.0818 0.0909 0.2636
0.8045 0.0182 0.1318 0.0455
0.8773 0.0045 0.0727 0.0455
0.8909 0.0273 0.0364 0.0455
0.7182 0.0318 0.0818 0.1682
0.6500 0.0045 0.0909 0.2545
0.3455 0.0864 0.2773 0.2909

MOTIF filter31
letter-probability matrix: alength= 4 w= 24 nsites= 190
0.4485 0.1959 0.0567 0.2990
0.3351 0.2990 0.0825 0.2835
0.9691 0.0155 0.0052 0.0103
0.9381 0.0206 0.0309 0.0103
0.7990 0.0052 0.1753 0.0206
0.3711 0.2371 0.1546 0.2371
0.6186 0.0619 0.3041 0.0155
0.3505 0.1959 0.3093 0.1443
0.5825 0.0825 0.1392 0.1959
0.4897 0.1340 0.1804 0.1959
0.6959 0.0206 0.2474 0.0361
0.3505 0.1134 0.5103 0.0258
0.0979 0.2216 0.2938 0.3866
0.2320 0.6134 0.0258 0.1289
0.0670 0.1237 0.5670 0.2423
0.4175 0.2165 0.2320 0.1340
0.3299 0.2835 0.3041 0.0825
0.1753 0.2010 0.1031 0.5206
0.0412 0.6649 0.2165 0.0773
0.3299 0.1289 0.3660 0.1753
0.5309 0.2784 0.0722 0.1186
0.7732 0.0361 0.1546 0.0361
0.7113 0.1082 0.1031 0.0773
0.3505 0.2526 0.1546 0.2423

MOTIF filter32
letter-probability matrix: alength= 4 w= 24 nsites= 347
0.4473 0.0228 0.4986 0.0313
0.3504 0.0028 0.6154 0.0313
0.8519 0.0256 0.1197 0.0028
0.8775 0.0114 0.0655 0.0456
0.7464 0.0028 0.2450 0.0057
0.6610 0.0057 0.2564 0.0769
0.7236 0.0028 0.2678 0.0057
0.8405 0.0028 0.1282 0.0285
0.9544 0.0028 0.0370 0.0057
0.6638 0.0028 0.2906 0.0427
0.6667 0.0028 0.2963 0.0342
0.6353 0.0028 0.2906 0.0712
0.6695 0.0028 0.2792 0.0484
0.5613 0.0028 0.3618 0.0741
0.8291 0.0256 0.1111 0.0342
0.5413 0.0769 0.3590 0.0228
0.8177 0.0370 0.1311 0.0142
0.4444 0.0484 0.4843 0.0228
0.5242 0.0712 0.2621 0.1425
0.4387 0.0028 0.4843 0.0741
0.6553 0.0655 0.1652 0.1140
0.5128 0.0427 0.3333 0.1111
0.3932 0.0940 0.2764 0.2365
0.2393 0.1282 0.5214 0.1111

MOTIF filter33
letter-probability matrix: alength= 4 w= 24 nsites= 79
0.0120 0.3976 0.0120 0.5783
0.0361 0.0361 0.0602 0.8675
0.3494 0.0120 0.4578 0.1807
0.4217 0.0602 0.1687 0.3494
0.0120 0.0241 0.1205 0.8434
0.1446 0.2410 0.2771 0.3373
0.1928 0.5904 0.1325 0.0843
0.7470 0.1325 0.0843 0.0361
0.0482 0.0120 0.1325 0.8072
0.1446 0.0602 0.0120 0.7831
0.0843 0.1566 0.2892 0.4699
0.1084 0.2530 0.6265 0.0120
0.5663 0.1325 0.1446 0.1566
0.0964 0.0723 0.3253 0.5060
0.1325 0.4217 0.2048 0.2410
0.0843 0.0723 0.1446 0.6988
0.3133 0.1084 0.1205 0.4578
0.0120 0.0241 0.1205 0.8434
0.3976 0.2892 0.0723 0.2410
0.1928 0.0120 0.2651 0.5301
0.1928 0.1205 0.2169 0.4699
0.3133 0.2651 0.0482 0.3735
0.5542 0.0602 0.0602 0.3253
0.1084 0.4699 0.0241 0.3976

MOTIF filter34
letter-probability matrix: alength= 4 w= 24 nsites= 58
0.1452 0.1935 0.6129 0.0484
0.3871 0.4677 0.0484 0.0968
0.4355 0.2419 0.2258 0.0968
0.0645 0.0161 0.8871 0.0323
0.0645 0.2742 0.3065 0.3548
0.1613 0.7097 0.0323 0.0968
0.1774 0.0484 0.6129 0.1613
0.0806 0.6129 0.1129 0.1935
0.0323 0.0968 0.5968 0.2742
0.0645 0.2419 0.5323 0.1613
0.1129 0.7258 0.0484 0.1129
0.4839 0.1613 0.2903 0.0645
0.2419 0.3065 0.4355 0.0161
0.1452 0.3387 0.3710 0.1452
0.1774 0.1935 0.0645 0.5645
0.3548 0.0968 0.4839 0.0645
0.5645 0.1129 0.1935 0.1290
0.6935 0.0484 0.2097 0.0484
0.6129 0.0968 0.2581 0.0323
0.3710 0.2742 0.2742 0.0806
0.3548 0.2258 0.2097 0.2097
0.0484 0.0484 0.8871 0.0161
0.0968 0.5484 0.2419 0.1129
0.0645 0.0968 0.7419 0.0968

MOTIF filter35
letter-probability matrix: alength= 4 w= 24 nsites= 49
0.1509 0.6792 0.0189 0.1509
0.2830 0.3962 0.0755 0.2453
0.1509 0.2642 0.0566 0.5283
0.1509 0.2642 0.1509 0.4340
0.4528 0.0189 0.3962 0.1321
0.3019 0.1321 0.5094 0.0566
0.2264 0.2075 0.1509 0.4151
0.5849 0.0566 0.2642 0.0943
0.1887 0.0943 0.2075 0.5094
0.0377 0.1887 0.0566 0.7170
0.0377 0.0755 0.3396 0.5472
0.5283 0.0566 0.2642 0.1509
0.1698 0.3396 0.0755 0.4151
0.2830 0.0943 0.1887 0.4340
0.2264 0.1509 0.1321 0.4906
0.4151 0.0755 0.0377 0.4717
0.8113 0.0566 0.0755 0.0566
0.6226 0.2830 0.0755 0.0189
0.0189 0.0755 0.0189 0.8868
0.0189 0.0189 0.0189 0.9434
0.0755 0.1887 0.0755 0.6604
0.4151 0.0189 0.2642 0.3019
0.6226 0.0566 0.0943 0.2264
0.0377 0.1509 0.1509 0.6604

MOTIF filter36
letter-probability matrix: alength= 4 w= 24 nsites= 80
0.2738 0.3929 0.0595 0.2738
0.2024 0.0357 0.0476 0.7143
0.1071 0.0833 0.2619 0.5476
0.5119 0.0833 0.2976 0.1071
0.2262 0.4405 0.1071 0.2262
0.0357 0.0952 0.0714 0.7976
0.0119 0.2619 0.0238 0.7024
0.2500 0.1905 0.1071 0.4524
0.3690 0.0595 0.2024 0.3690
0.3452 0.1310 0.3571 0.1667
0.1548 0.0833 0.5833 0.1786
0.1190 0.3929 0.2143 0.2738
0.0595 0.1310 0.2024 0.6071
0.0952 0.6310 0.0833 0.1905
0.0952 0.2381 0.6190 0.0476
0.2619 0.0238 0.6786 0.0357
0.1667 0.0238 0.0476 0.7619
0.0952 0.4762 0.1429 0.2857
0.0952 0.5714 0.1310 0.2024
0.2500 0.0595 0.4643 0.2262
0.3452 0.0476 0.5595 0.0476
0.2262 0.3810 0.2262 0.1667
0.0595 0.4167 0.2143 0.3095
0.0714 0.4286 0.0595 0.4405

MOTIF filter37
letter-probability matrix: alength= 4 w= 24 nsites= 131
0.1185 0.2741 0.1926 0.4148
0.1111 0.3185 0.4889 0.0815
0.7333 0.0444 0.1630 0.0593
0.7630 0.0222 0.0889 0.1259
0.8889 0.0815 0.0148 0.0148
0.3185 0.1111 0.0370 0.5333
0.7111 0.0444 0.1111 0.1333
0.7037 0.0815 0.1037 0.1111
0.9407 0.0444 0.0074 0.0074
0.7333 0.0370 0.1778 0.0519
0.4444 0.0667 0.3556 0.1333
0.1111 0.0741 0.4815 0.3333
0.0815 0.1407 0.4444 0.3333
0.6741 0.2148 0.0148 0.0963
0.4667 0.2296 0.2074 0.0963
0.0815 0.3037 0.4148 0.2000
0.0222 0.4667 0.1333 0.3778
0.0963 0.3852 0.2593 0.2593
0.1407 0.3037 0.3704 0.1852
0.2593 0.2815 0.2963 0.1630
0.7037 0.0741 0.0963 0.1259
0.8148 0.0667 0.0370 0.0815
0.5259 0.2074 0.1259 0.1407
0.1556 0.2296 0.2519 0.3630

MOTIF filter38
letter-probability matrix: alength= 4 w= 24 nsites= 129
0.0301 0.5113 0.0301 0.4286
0.1504 0.0226 0.2632 0.5639
0.0827 0.0301 0.1053 0.7820
0.1128 0.1654 0.0451 0.6767
0.0301 0.1805 0.0301 0.7594
0.0827 0.1805 0.0226 0.7143
0.0602 0.0827 0.0150 0.8421
0.6316 0.0526 0.0752 0.2406
0.2632 0.1729 0.2932 0.2707
0.1353 0.1429 0.1278 0.5940
0.1278 0.2105 0.2632 0.3985
0.0977 0.5113 0.3684 0.0226
0.2481 0.1729 0.0827 0.4962
0.2180 0.0677 0.1128 0.6015
0.0677 0.3383 0.4060 0.1880
0.0226 0.1504 0.3233 0.5038
0.0150 0.0977 0.1579 0.7293
0.1504 0.1955 0.4586 0.1955
0.2932 0.1955 0.1880 0.3233
0.0451 0.0301 0.1053 0.8195
0.0150 0.3083 0.0526 0.6241
0.0301 0.0075 0.0150 0.9474
0.2030 0.2932 0.0301 0.4737
0.0827 0.4962 0.0075 0.4135

MOTIF filter39
letter-probability matrix: alength= 4 w= 24 nsites= 133
0.3212 0.1022 0.4964 0.0803
0.1971 0.1679 0.3504 0.2847
0.7737 0.1460 0.0219 0.0584
0.3869 0.1022 0.2774 0.2336
0.6058 0.2117 0.0511 0.1314
0.3285 0.1241 0.1898 0.3577
0.7591 0.0146 0.1095 0.1168
0.8613 0.0292 0.0876 0.0219
0.5693 0.0730 0.3139 0.0438
0.1314 0.3431 0.0146 0.5109
0.0949 0.7007 0.0657 0.1387
0.3650 0.2263 0.2336 0.1752
0.5839 0.0292 0.3504 0.0365
0.7883 0.0292 0.0584 0.1241
0.4161 0.2482 0.1022 0.2336
0.0146 0.4818 0.3577 0.1460
0.1241 0.3577 0.3139 0.2044
0.6277 0.0730 0.2190 0.0803
0.4307 0.0876 0.4161 0.0657
0.0073 0.5693 0.1241 0.2993
0.4015 0.2482 0.0438 0.3066
0.6131 0.0584 0.2701 0.0584
0.5766 0.0292 0.2190 0.1752
0.7518 0.0584 0.1022 0.0876

